Block,Treatment,pop,replicate,day,eeF,eeM,WTF,WTM,totF,totM,totee,totWT,total
B1,SA,1,B1:1,10,2,0,2,0,4,0,2,2,4
B1,SA,1,B1:1,11,5,2,1,4,6,6,7,5,12
B1,SA,1,B1:1,12,1,3,2,3,3,6,4,5,9
B1,SA,1,B1:1,13,1,1,2,2,3,3,2,4,6
B1,SA,1,B1:1,14,1,0,0,1,1,1,1,1,2
B1,SA,1,B1:1,15,1,0,0,0,1,0,1,0,1
B1,SA,1,B1:1,16,0,0,0,0,0,0,0,0,0
B1,SA,1,B1:10,10,0,0,0,0,0,0,0,0,0
B1,SA,1,B1:10,11,0,0,3,3,3,3,0,6,6
B1,SA,1,B1:10,12,4,2,3,1,7,3,6,4,10
B1,SA,1,B1:10,13,0,0,0,3,0,3,0,3,3
B1,SA,1,B1:10,14,1,0,0,1,1,1,1,1,2
B1,SA,1,B1:10,15,0,0,0,0,0,0,0,0,0
B1,SA,1,B1:10,16,0,0,0,0,0,0,0,0,0
B1,Control,9,B1:100,10,0,0,0,0,0,0,0,0,0
B1,Control,9,B1:100,11,2,1,2,2,4,3,3,4,7
B1,Control,9,B1:100,12,5,1,8,6,13,7,6,14,20
B1,Control,9,B1:100,13,0,0,1,2,1,2,0,3,3
B1,Control,9,B1:100,14,0,0,0,0,0,0,0,0,0
B1,Control,9,B1:100,15,0,0,0,1,0,1,0,1,1
B1,Control,9,B1:100,16,0,0,0,0,0,0,0,0,0
B1,Control,10,B1:101,10,2,0,1,2,3,2,2,3,5
B1,Control,10,B1:101,11,8,9,6,5,14,14,17,11,28
B1,Control,10,B1:101,12,2,5,6,4,8,9,7,10,17
B1,Control,10,B1:101,13,8,0,5,3,13,3,8,8,16
B1,Control,10,B1:101,14,1,4,1,1,2,5,5,2,7
B1,Control,10,B1:101,15,0,0,0,2,0,2,0,2,2
B1,Control,10,B1:101,16,0,0,0,0,0,0,0,0,0
B1,Control,10,B1:102,10,0,0,0,0,0,0,0,0,0
B1,Control,10,B1:102,11,1,0,3,2,4,2,1,5,6
B1,Control,10,B1:102,12,4,11,8,7,12,18,15,15,30
B1,Control,10,B1:102,13,2,3,1,3,3,6,5,4,9
B1,Control,10,B1:102,14,0,0,4,0,4,0,0,4,4
B1,Control,10,B1:102,15,0,1,0,0,0,1,1,0,1
B1,Control,10,B1:102,16,0,0,0,0,0,0,0,0,0
B1,Control,10,B1:103,10,0,0,0,0,0,0,0,0,0
B1,Control,10,B1:103,11,4,0,3,3,7,3,4,6,10
B1,Control,10,B1:103,12,6,4,5,2,11,6,10,7,17
B1,Control,10,B1:103,13,0,2,1,0,1,2,2,1,3
B1,Control,10,B1:103,14,0,0,0,2,0,2,0,2,2
B1,Control,10,B1:103,15,0,0,0,0,0,0,0,0,0
B1,Control,10,B1:103,16,0,0,0,0,0,0,0,0,0
B1,Control,10,B1:104,10,0,0,0,0,0,0,0,0,0
B1,Control,10,B1:104,11,3,1,3,3,6,4,4,6,10
B1,Control,10,B1:104,12,2,6,1,6,3,12,8,7,15
B1,Control,10,B1:104,13,1,2,1,2,2,4,3,3,6
B1,Control,10,B1:104,14,2,0,1,0,3,0,2,1,3
B1,Control,10,B1:104,15,0,0,0,0,0,0,0,0,0
B1,Control,10,B1:104,16,0,0,0,0,0,0,0,0,0
B1,Control,10,B1:105,10,0,0,0,0,0,0,0,0,0
B1,Control,10,B1:105,11,1,0,0,0,1,0,1,0,1
B1,Control,10,B1:105,12,1,2,1,5,2,7,3,6,9
B1,Control,10,B1:105,13,2,1,7,2,9,3,3,9,12
B1,Control,10,B1:105,14,3,1,1,3,4,4,4,4,8
B1,Control,10,B1:105,15,1,0,1,1,2,1,1,2,3
B1,Control,10,B1:105,16,0,1,1,0,1,1,1,1,2
B1,Control,10,B1:106,10,0,0,0,0,0,0,0,0,0
B1,Control,10,B1:106,11,2,1,1,0,3,1,3,1,4
B1,Control,10,B1:106,12,5,0,9,6,14,6,5,15,20
B1,Control,10,B1:106,13,2,4,1,2,3,6,6,3,9
B1,Control,10,B1:106,14,0,1,0,1,0,2,1,1,2
B1,Control,10,B1:106,15,0,0,0,0,0,0,0,0,0
B1,Control,10,B1:106,16,0,0,0,0,0,0,0,0,0
B1,Control,10,B1:107,10,0,0,0,0,0,0,0,0,0
B1,Control,10,B1:107,11,2,1,1,1,3,2,3,2,5
B1,Control,10,B1:107,12,3,1,5,5,8,6,4,10,14
B1,Control,10,B1:107,13,2,5,2,2,4,7,7,4,11
B1,Control,10,B1:107,14,1,0,2,0,3,0,1,2,3
B1,Control,10,B1:107,15,0,0,0,0,0,0,0,0,0
B1,Control,10,B1:107,16,0,0,0,0,0,0,0,0,0
B1,Control,10,B1:108,10,0,0,0,0,0,0,0,0,0
B1,Control,10,B1:108,11,1,0,0,1,1,1,1,1,2
B1,Control,10,B1:108,12,5,5,4,10,9,15,10,14,24
B1,Control,10,B1:108,13,2,2,1,2,3,4,4,3,7
B1,Control,10,B1:108,14,0,0,1,0,1,0,0,1,1
B1,Control,10,B1:108,15,0,0,1,1,1,1,0,2,2
B1,Control,10,B1:108,16,0,0,0,1,0,1,0,1,1
B1,Control,10,B1:109,10,0,0,0,0,0,0,0,0,0
B1,Control,10,B1:109,11,1,0,0,0,1,0,1,0,1
B1,Control,10,B1:109,12,9,8,10,6,19,14,17,16,33
B1,Control,10,B1:109,13,0,3,3,1,3,4,3,4,7
B1,Control,10,B1:109,14,3,1,0,0,3,1,4,0,4
B1,Control,10,B1:109,15,2,1,1,0,3,1,3,1,4
B1,Control,10,B1:109,16,0,0,0,0,0,0,0,0,0
B1,SA,1,B1:11,10,0,0,0,0,0,0,0,0,0
B1,SA,1,B1:11,11,0,0,1,1,1,1,0,2,2
B1,SA,1,B1:11,12,1,1,2,2,3,3,2,4,6
B1,SA,1,B1:11,13,0,0,0,1,0,1,0,1,1
B1,SA,1,B1:11,14,1,1,0,3,1,4,2,3,5
B1,SA,1,B1:11,15,0,0,0,0,0,0,0,0,0
B1,SA,1,B1:11,16,0,0,0,0,0,0,0,0,0
B1,Control,10,B1:110,10,0,0,0,0,0,0,0,0,0
B1,Control,10,B1:110,11,2,0,0,1,2,1,2,1,3
B1,Control,10,B1:110,12,4,2,3,3,7,5,6,6,12
B1,Control,10,B1:110,13,0,0,1,3,1,3,0,4,4
B1,Control,10,B1:110,14,1,1,1,1,2,2,2,2,4
B1,Control,10,B1:110,15,0,1,0,1,0,2,1,1,2
B1,Control,10,B1:110,16,0,0,0,0,0,0,0,0,0
B1,Control,10,B1:111,10,0,0,0,0,0,0,0,0,0
B1,Control,10,B1:111,11,0,0,0,0,0,0,0,0,0
B1,Control,10,B1:111,12,9,5,11,3,20,8,14,14,28
B1,Control,10,B1:111,13,2,4,5,5,7,9,6,10,16
B1,Control,10,B1:111,14,0,0,1,2,1,2,0,3,3
B1,Control,10,B1:111,15,0,1,0,0,0,1,1,0,1
B1,Control,10,B1:111,16,0,0,0,1,0,1,0,1,1
B1,Control,10,B1:112,10,0,0,0,0,0,0,0,0,0
B1,Control,10,B1:112,11,3,2,4,3,7,5,5,7,12
B1,Control,10,B1:112,12,3,3,4,1,7,4,6,5,11
B1,Control,10,B1:112,13,2,1,1,3,3,4,3,4,7
B1,Control,10,B1:112,14,2,0,0,0,2,0,2,0,2
B1,Control,10,B1:112,15,0,1,0,0,0,1,1,0,1
B1,Control,10,B1:112,16,0,0,0,0,0,0,0,0,0
B1,SA,1,B1:12,10,0,0,0,0,0,0,0,0,0
B1,SA,1,B1:12,11,2,3,2,0,4,3,5,2,7
B1,SA,1,B1:12,12,0,0,0,2,0,2,0,2,2
B1,SA,1,B1:12,13,1,0,0,0,1,0,1,0,1
B1,SA,1,B1:12,14,0,0,0,0,0,0,0,0,0
B1,SA,1,B1:12,15,0,0,0,0,0,0,0,0,0
B1,SA,1,B1:12,16,0,0,0,0,0,0,0,0,0
B1,SA,2,B1:13,10,0,0,0,0,0,0,0,0,0
B1,SA,2,B1:13,11,0,0,0,0,0,0,0,0,0
B1,SA,2,B1:13,12,2,1,8,7,10,8,3,15,18
B1,SA,2,B1:13,13,1,1,2,5,3,6,2,7,9
B1,SA,2,B1:13,14,6,1,4,2,10,3,7,6,13
B1,SA,2,B1:13,15,1,0,2,3,3,3,1,5,6
B1,SA,2,B1:13,16,2,2,1,2,3,4,4,3,7
B1,SA,2,B1:14,10,0,0,0,0,0,0,0,0,0
B1,SA,2,B1:14,11,0,2,3,3,3,5,2,6,8
B1,SA,2,B1:14,12,0,2,7,3,7,5,2,10,12
B1,SA,2,B1:14,13,1,2,2,0,3,2,3,2,5
B1,SA,2,B1:14,14,4,3,3,1,7,4,7,4,11
B1,SA,2,B1:14,15,1,1,0,1,1,2,2,1,3
B1,SA,2,B1:14,16,1,0,0,1,1,1,1,1,2
B1,SA,2,B1:15,10,0,0,0,0,0,0,0,0,0
B1,SA,2,B1:15,11,2,0,5,0,7,0,2,5,7
B1,SA,2,B1:15,12,2,2,6,7,8,9,4,13,17
B1,SA,2,B1:15,13,1,1,0,3,1,4,2,3,5
B1,SA,2,B1:15,14,1,3,3,1,4,4,4,4,8
B1,SA,2,B1:15,15,2,1,0,1,2,2,3,1,4
B1,SA,2,B1:15,16,0,1,0,0,0,1,1,0,1
B1,SA,2,B1:16,10,0,0,2,0,2,0,0,2,2
B1,SA,2,B1:16,11,1,2,7,7,8,9,3,14,17
B1,SA,2,B1:16,12,4,2,1,1,5,3,6,2,8
B1,SA,2,B1:16,13,3,0,0,1,3,1,3,1,4
B1,SA,2,B1:16,14,0,1,1,2,1,3,1,3,4
B1,SA,2,B1:16,15,0,1,0,0,0,1,1,0,1
B1,SA,2,B1:16,16,0,0,0,0,0,0,0,0,0
B1,SA,2,B1:17,10,0,0,0,0,0,0,0,0,0
B1,SA,2,B1:17,11,0,0,0,0,0,0,0,0,0
B1,SA,2,B1:17,12,6,2,5,3,11,5,8,8,16
B1,SA,2,B1:17,13,1,3,2,2,3,5,4,4,8
B1,SA,2,B1:17,14,2,2,0,2,2,4,4,2,6
B1,SA,2,B1:17,15,0,3,1,3,1,6,3,4,7
B1,SA,2,B1:17,16,0,0,0,2,0,2,0,2,2
B1,SA,2,B1:18,10,0,0,0,0,0,0,0,0,0
B1,SA,2,B1:18,11,1,2,0,2,1,4,3,2,5
B1,SA,2,B1:18,12,2,2,8,8,10,10,4,16,20
B1,SA,2,B1:18,13,3,1,6,1,9,2,4,7,11
B1,SA,2,B1:18,14,1,2,4,3,5,5,3,7,10
B1,SA,2,B1:18,15,2,1,1,2,3,3,3,3,6
B1,SA,2,B1:18,16,1,3,1,1,2,4,4,2,6
B1,SA,2,B1:19,10,0,0,0,0,0,0,0,0,0
B1,SA,2,B1:19,11,2,1,4,3,6,4,3,7,10
B1,SA,2,B1:19,12,0,0,2,4,2,4,0,6,6
B1,SA,2,B1:19,13,0,1,2,1,2,2,1,3,4
B1,SA,2,B1:19,14,0,1,0,1,0,2,1,1,2
B1,SA,2,B1:19,15,0,0,0,0,0,0,0,0,0
B1,SA,2,B1:19,16,0,0,0,0,0,0,0,0,0
B1,SA,1,B1:2,10,0,0,1,0,1,0,0,1,1
B1,SA,1,B1:2,11,1,1,5,5,6,6,2,10,12
B1,SA,1,B1:2,12,2,2,8,5,10,7,4,13,17
B1,SA,1,B1:2,13,2,3,3,0,5,3,5,3,8
B1,SA,1,B1:2,14,1,1,0,0,1,1,2,0,2
B1,SA,1,B1:2,15,0,0,0,0,0,0,0,0,0
B1,SA,1,B1:2,16,0,1,0,0,0,1,1,0,1
B1,SA,2,B1:20,10,0,0,0,0,0,0,0,0,0
B1,SA,2,B1:20,11,0,0,2,1,2,1,0,3,3
B1,SA,2,B1:20,12,2,1,5,9,7,10,3,14,17
B1,SA,2,B1:20,13,1,3,3,1,4,4,4,4,8
B1,SA,2,B1:20,14,0,1,3,2,3,3,1,5,6
B1,SA,2,B1:20,15,0,0,1,0,1,0,0,1,1
B1,SA,2,B1:20,16,0,0,0,0,0,0,0,0,0
B1,SA,2,B1:21,10,0,0,0,0,0,0,0,0,0
B1,SA,2,B1:21,11,2,1,7,2,9,3,3,9,12
B1,SA,2,B1:21,12,3,4,2,4,5,8,7,6,13
B1,SA,2,B1:21,13,2,0,2,2,4,2,2,4,6
B1,SA,2,B1:21,14,1,0,1,1,2,1,1,2,3
B1,SA,2,B1:21,15,1,1,0,0,1,1,2,0,2
B1,SA,2,B1:21,16,0,0,0,0,0,0,0,0,0
B1,SA,2,B1:22,10,0,0,1,0,1,0,0,1,1
B1,SA,2,B1:22,11,4,6,3,4,7,10,10,7,17
B1,SA,2,B1:22,12,0,0,3,0,3,0,0,3,3
B1,SA,2,B1:22,13,2,2,1,1,3,3,4,2,6
B1,SA,2,B1:22,14,1,0,0,1,1,1,1,1,2
B1,SA,2,B1:22,15,0,2,0,0,0,2,2,0,2
B1,SA,2,B1:22,16,0,0,0,1,0,1,0,1,1
B1,SA,2,B1:23,10,0,0,0,0,0,0,0,0,0
B1,SA,2,B1:23,11,0,0,3,2,3,2,0,5,5
B1,SA,2,B1:23,12,3,3,9,4,12,7,6,13,19
B1,SA,2,B1:23,13,1,1,3,3,4,4,2,6,8
B1,SA,2,B1:23,14,2,2,1,0,3,2,4,1,5
B1,SA,2,B1:23,15,1,0,0,2,1,2,1,2,3
B1,SA,2,B1:23,16,0,0,0,0,0,0,0,0,0
B1,SA,2,B1:24,10,0,0,0,0,0,0,0,0,0
B1,SA,2,B1:24,11,0,0,2,2,2,2,0,4,4
B1,SA,2,B1:24,12,2,0,2,2,4,2,2,4,6
B1,SA,2,B1:24,13,0,2,0,0,0,2,2,0,2
B1,SA,2,B1:24,14,1,1,0,1,1,2,2,1,3
B1,SA,2,B1:24,15,0,0,0,0,0,0,0,0,0
B1,SA,2,B1:24,16,0,0,0,0,0,0,0,0,0
B1,SA,3,B1:25,10,0,0,0,0,0,0,0,0,0
B1,SA,3,B1:25,11,2,0,5,4,7,4,2,9,11
B1,SA,3,B1:25,12,3,3,12,8,15,11,6,20,26
B1,SA,3,B1:25,13,7,2,4,6,11,8,9,10,19
B1,SA,3,B1:25,14,6,3,1,2,7,5,9,3,12
B1,SA,3,B1:25,15,2,1,0,0,2,1,3,0,3
B1,SA,3,B1:25,16,1,0,0,1,1,1,1,1,2
B1,SA,3,B1:26,10,0,0,0,0,0,0,0,0,0
B1,SA,3,B1:26,11,0,0,3,3,3,3,0,6,6
B1,SA,3,B1:26,12,2,4,5,12,7,16,6,17,23
B1,SA,3,B1:26,13,3,2,3,6,6,8,5,9,14
B1,SA,3,B1:26,14,1,0,1,0,2,0,1,1,2
B1,SA,3,B1:26,15,2,0,0,0,2,0,2,0,2
B1,SA,3,B1:26,16,0,0,0,0,0,0,0,0,0
B1,SA,3,B1:27,10,0,0,0,0,0,0,0,0,0
B1,SA,3,B1:27,11,0,0,0,0,0,0,0,0,0
B1,SA,3,B1:27,12,2,2,4,2,6,4,4,6,10
B1,SA,3,B1:27,13,0,0,2,4,2,4,0,6,6
B1,SA,3,B1:27,14,0,0,0,1,0,1,0,1,1
B1,SA,3,B1:27,15,1,1,0,0,1,1,2,0,2
B1,SA,3,B1:27,16,0,1,0,0,0,1,1,0,1
B1,SA,3,B1:28,10,0,0,0,0,0,0,0,0,0
B1,SA,3,B1:28,11,1,0,5,3,6,3,1,8,9
B1,SA,3,B1:28,12,6,5,7,7,13,12,11,14,25
B1,SA,3,B1:28,13,2,4,4,7,6,11,6,11,17
B1,SA,3,B1:28,14,2,1,0,1,2,2,3,1,4
B1,SA,3,B1:28,15,1,3,0,0,1,3,4,0,4
B1,SA,3,B1:28,16,1,1,0,1,1,2,2,1,3
B1,SA,3,B1:29,10,0,0,0,0,0,0,0,0,0
B1,SA,3,B1:29,11,1,0,2,3,3,3,1,5,6
B1,SA,3,B1:29,12,3,3,10,2,13,5,6,12,18
B1,SA,3,B1:29,13,1,1,1,3,2,4,2,4,6
B1,SA,3,B1:29,14,0,2,0,1,0,3,2,1,3
B1,SA,3,B1:29,15,0,1,1,0,1,1,1,1,2
B1,SA,3,B1:29,16,0,1,0,0,0,1,1,0,1
B1,SA,1,B1:3,10,0,0,0,0,0,0,0,0,0
B1,SA,1,B1:3,11,6,4,7,2,13,6,10,9,19
B1,SA,1,B1:3,12,4,3,2,9,6,12,7,11,18
B1,SA,1,B1:3,13,0,0,0,2,0,2,0,2,2
B1,SA,1,B1:3,14,0,0,0,1,0,1,0,1,1
B1,SA,1,B1:3,15,0,0,0,0,0,0,0,0,0
B1,SA,1,B1:3,16,0,0,0,0,0,0,0,0,0
B1,SA,3,B1:30,10,0,0,0,0,0,0,0,0,0
B1,SA,3,B1:30,11,0,0,1,0,1,0,0,1,1
B1,SA,3,B1:30,12,4,0,9,3,13,3,4,12,16
B1,SA,3,B1:30,13,1,1,7,5,8,6,2,12,14
B1,SA,3,B1:30,14,1,3,0,1,1,4,4,1,5
B1,SA,3,B1:30,15,0,2,0,1,0,3,2,1,3
B1,SA,3,B1:30,16,0,1,0,0,0,1,1,0,1
B1,SA,3,B1:31,10,0,0,0,0,0,0,0,0,0
B1,SA,3,B1:31,11,0,0,3,1,3,1,0,4,4
B1,SA,3,B1:31,12,2,3,8,6,10,9,5,14,19
B1,SA,3,B1:31,13,2,4,1,7,3,11,6,8,14
B1,SA,3,B1:31,14,3,1,1,1,4,2,4,2,6
B1,SA,3,B1:31,15,0,1,0,1,0,2,1,1,2
B1,SA,3,B1:31,16,1,0,0,0,1,0,1,0,1
B1,SA,3,B1:32,10,0,0,0,0,0,0,0,0,0
B1,SA,3,B1:32,11,0,0,1,0,1,0,0,1,1
B1,SA,3,B1:32,12,4,5,12,6,16,11,9,18,27
B1,SA,3,B1:32,13,1,5,1,5,2,10,6,6,12
B1,SA,3,B1:32,14,3,2,1,2,4,4,5,3,8
B1,SA,3,B1:32,15,0,2,1,1,1,3,2,2,4
B1,SA,3,B1:32,16,0,2,1,0,1,2,2,1,3
B1,SA,3,B1:33,10,0,0,0,0,0,0,0,0,0
B1,SA,3,B1:33,11,0,0,1,0,1,0,0,1,1
B1,SA,3,B1:33,12,4,2,18,5,22,7,6,23,29
B1,SA,3,B1:33,13,1,2,3,3,4,5,3,6,9
B1,SA,3,B1:33,14,1,0,5,2,6,2,1,7,8
B1,SA,3,B1:33,15,3,1,0,0,3,1,4,0,4
B1,SA,3,B1:33,16,2,0,0,0,2,0,2,0,2
B1,SA,3,B1:34,10,0,0,0,0,0,0,0,0,0
B1,SA,3,B1:34,11,1,0,1,0,2,0,1,1,2
B1,SA,3,B1:34,12,5,7,6,6,11,13,12,12,24
B1,SA,3,B1:34,13,3,1,3,4,6,5,4,7,11
B1,SA,3,B1:34,14,1,1,0,0,1,1,2,0,2
B1,SA,3,B1:34,15,1,0,0,1,1,1,1,1,2
B1,SA,3,B1:34,16,0,0,0,1,0,1,0,1,1
B1,SA,3,B1:35,10,0,0,0,0,0,0,0,0,0
B1,SA,3,B1:35,11,2,1,2,3,4,4,3,5,8
B1,SA,3,B1:35,12,4,0,6,8,10,8,4,14,18
B1,SA,3,B1:35,13,2,3,2,3,4,6,5,5,10
B1,SA,3,B1:35,14,1,0,0,0,1,0,1,0,1
B1,SA,3,B1:35,15,0,0,0,0,0,0,0,0,0
B1,SA,3,B1:35,16,0,0,0,0,0,0,0,0,0
B1,SA,3,B1:36,10,0,0,0,0,0,0,0,0,0
B1,SA,3,B1:36,11,0,0,2,1,2,1,0,3,3
B1,SA,3,B1:36,12,6,4,18,9,24,13,10,27,37
B1,SA,3,B1:36,13,1,2,1,7,2,9,3,8,11
B1,SA,3,B1:36,14,3,4,1,2,4,6,7,3,10
B1,SA,3,B1:36,15,0,3,1,1,1,4,3,2,5
B1,SA,3,B1:36,16,2,3,0,0,2,3,5,0,5
B1,SA,4,B1:37,10,0,1,0,0,0,1,1,0,1
B1,SA,4,B1:37,11,4,4,4,5,8,9,8,9,17
B1,SA,4,B1:37,12,4,4,4,5,8,9,8,9,17
B1,SA,4,B1:37,13,3,5,1,2,4,7,8,3,11
B1,SA,4,B1:37,14,1,0,0,0,1,0,1,0,1
B1,SA,4,B1:37,15,0,0,0,0,0,0,0,0,0
B1,SA,4,B1:37,16,0,0,0,0,0,0,0,0,0
B1,SA,4,B1:38,10,0,0,0,0,0,0,0,0,0
B1,SA,4,B1:38,11,4,1,4,5,8,6,5,9,14
B1,SA,4,B1:38,12,8,2,5,6,13,8,10,11,21
B1,SA,4,B1:38,13,1,2,2,0,3,2,3,2,5
B1,SA,4,B1:38,14,1,0,0,0,1,0,1,0,1
B1,SA,4,B1:38,15,1,0,0,1,1,1,1,1,2
B1,SA,4,B1:38,16,0,0,0,0,0,0,0,0,0
B1,SA,4,B1:39,10,0,0,0,0,0,0,0,0,0
B1,SA,4,B1:39,11,7,0,5,1,12,1,7,6,13
B1,SA,4,B1:39,12,2,7,3,5,5,12,9,8,17
B1,SA,4,B1:39,13,2,3,1,5,3,8,5,6,11
B1,SA,4,B1:39,14,0,4,0,0,0,4,4,0,4
B1,SA,4,B1:39,15,1,1,0,0,1,1,2,0,2
B1,SA,4,B1:39,16,0,0,0,0,0,0,0,0,0
B1,SA,1,B1:4,10,0,0,0,0,0,0,0,0,0
B1,SA,1,B1:4,11,3,0,0,2,3,2,3,2,5
B1,SA,1,B1:4,12,1,1,1,1,2,2,2,2,4
B1,SA,1,B1:4,13,3,0,0,0,3,0,3,0,3
B1,SA,1,B1:4,14,1,0,0,0,1,0,1,0,1
B1,SA,1,B1:4,15,0,0,0,0,0,0,0,0,0
B1,SA,1,B1:4,16,0,0,0,0,0,0,0,0,0
B1,SA,4,B1:40,10,0,0,0,0,0,0,0,0,0
B1,SA,4,B1:40,11,0,4,4,4,4,8,4,8,12
B1,SA,4,B1:40,12,2,3,2,1,4,4,5,3,8
B1,SA,4,B1:40,13,2,3,0,1,2,4,5,1,6
B1,SA,4,B1:40,14,1,0,0,0,1,0,1,0,1
B1,SA,4,B1:40,15,0,0,0,0,0,0,0,0,0
B1,SA,4,B1:40,16,0,0,0,0,0,0,0,0,0
B1,SA,4,B1:41,10,0,0,0,0,0,0,0,0,0
B1,SA,4,B1:41,11,2,1,5,1,7,2,3,6,9
B1,SA,4,B1:41,12,5,4,7,3,12,7,9,10,19
B1,SA,4,B1:41,13,1,3,0,7,1,10,4,7,11
B1,SA,4,B1:41,14,0,2,0,0,0,2,2,0,2
B1,SA,4,B1:41,15,0,0,0,0,0,0,0,0,0
B1,SA,4,B1:41,16,0,0,0,0,0,0,0,0,0
B1,SA,4,B1:42,10,0,0,0,0,0,0,0,0,0
B1,SA,4,B1:42,11,1,1,4,6,5,7,2,10,12
B1,SA,4,B1:42,12,4,6,10,4,14,10,10,14,24
B1,SA,4,B1:42,13,3,2,1,1,4,3,5,2,7
B1,SA,4,B1:42,14,1,1,1,0,2,1,2,1,3
B1,SA,4,B1:42,15,0,0,0,0,0,0,0,0,0
B1,SA,4,B1:42,16,0,0,0,0,0,0,0,0,0
B1,SA,4,B1:43,10,0,0,0,0,0,0,0,0,0
B1,SA,4,B1:43,11,1,0,5,2,6,2,1,7,8
B1,SA,4,B1:43,12,8,3,7,7,15,10,11,14,25
B1,SA,4,B1:43,13,1,0,0,0,1,0,1,0,1
B1,SA,4,B1:43,14,2,0,0,0,2,0,2,0,2
B1,SA,4,B1:43,15,0,0,0,0,0,0,0,0,0
B1,SA,4,B1:43,16,0,0,0,0,0,0,0,0,0
B1,SA,4,B1:44,10,0,0,0,0,0,0,0,0,0
B1,SA,4,B1:44,11,2,0,4,2,6,2,2,6,8
B1,SA,4,B1:44,12,6,5,7,8,13,13,11,15,26
B1,SA,4,B1:44,13,0,2,0,0,0,2,2,0,2
B1,SA,4,B1:44,14,1,1,1,2,2,3,2,3,5
B1,SA,4,B1:44,15,0,0,0,1,0,1,0,1,1
B1,SA,4,B1:44,16,0,1,0,0,0,1,1,0,1
B1,SA,4,B1:45,10,0,0,1,1,1,1,0,2,2
B1,SA,4,B1:45,11,1,0,3,4,4,4,1,7,8
B1,SA,4,B1:45,12,2,2,1,1,3,3,4,2,6
B1,SA,4,B1:45,13,0,2,0,1,0,3,2,1,3
B1,SA,4,B1:45,14,0,0,0,0,0,0,0,0,0
B1,SA,4,B1:45,15,0,0,1,0,1,0,0,1,1
B1,SA,4,B1:45,16,0,0,0,1,0,1,0,1,1
B1,SA,4,B1:46,10,0,0,0,0,0,0,0,0,0
B1,SA,4,B1:46,11,2,0,6,4,8,4,2,10,12
B1,SA,4,B1:46,12,4,2,6,7,10,9,6,13,19
B1,SA,4,B1:46,13,2,5,10,7,12,12,7,17,24
B1,SA,4,B1:46,14,4,2,2,1,6,3,6,3,9
B1,SA,4,B1:46,15,0,1,2,0,2,1,1,2,3
B1,SA,4,B1:46,16,1,1,0,0,1,1,2,0,2
B1,SA,4,B1:47,10,0,0,0,0,0,0,0,0,0
B1,SA,4,B1:47,11,0,2,5,3,5,5,2,8,10
B1,SA,4,B1:47,12,0,4,4,4,4,8,4,8,12
B1,SA,4,B1:47,13,3,5,3,0,6,5,8,3,11
B1,SA,4,B1:47,14,0,0,2,0,2,0,0,2,2
B1,SA,4,B1:47,15,0,0,0,0,0,0,0,0,0
B1,SA,4,B1:47,16,0,0,0,0,0,0,0,0,0
B1,SA,4,B1:48,10,1,0,0,1,1,1,1,1,2
B1,SA,4,B1:48,11,4,3,9,6,13,9,7,15,22
B1,SA,4,B1:48,12,3,1,8,5,11,6,4,13,17
B1,SA,4,B1:48,13,5,5,6,2,11,7,10,8,18
B1,SA,4,B1:48,14,2,1,3,1,5,2,3,4,7
B1,SA,4,B1:48,15,0,1,0,1,0,2,1,1,2
B1,SA,4,B1:48,16,0,1,0,0,0,1,1,0,1
B1,SA,5,B1:49,10,0,0,0,0,0,0,0,0,0
B1,SA,5,B1:49,11,1,1,7,3,8,4,2,10,12
B1,SA,5,B1:49,12,5,6,7,9,12,15,11,16,27
B1,SA,5,B1:49,13,3,6,2,0,5,6,9,2,11
B1,SA,5,B1:49,14,1,0,0,0,1,0,1,0,1
B1,SA,5,B1:49,15,0,0,0,0,0,0,0,0,0
B1,SA,5,B1:49,16,0,0,0,0,0,0,0,0,0
B1,SA,1,B1:5,10,0,0,0,0,0,0,0,0,0
B1,SA,1,B1:5,11,0,0,0,1,0,1,0,1,1
B1,SA,1,B1:5,12,1,0,0,0,1,0,1,0,1
B1,SA,1,B1:5,13,0,1,2,0,2,1,1,2,3
B1,SA,1,B1:5,14,0,0,0,1,0,1,0,1,1
B1,SA,1,B1:5,15,0,0,0,0,0,0,0,0,0
B1,SA,1,B1:5,16,0,0,0,0,0,0,0,0,0
B1,SA,5,B1:50,10,0,0,0,0,0,0,0,0,0
B1,SA,5,B1:50,11,2,0,7,5,9,5,2,12,14
B1,SA,5,B1:50,12,3,3,6,8,9,11,6,14,20
B1,SA,5,B1:50,13,5,4,3,2,8,6,9,5,14
B1,SA,5,B1:50,14,1,0,0,0,1,0,1,0,1
B1,SA,5,B1:50,15,0,0,0,0,0,0,0,0,0
B1,SA,5,B1:50,16,0,0,0,0,0,0,0,0,0
B1,SA,5,B1:51,10,0,0,0,0,0,0,0,0,0
B1,SA,5,B1:51,11,1,2,6,6,7,8,3,12,15
B1,SA,5,B1:51,12,3,3,3,5,6,8,6,8,14
B1,SA,5,B1:51,13,1,3,2,0,3,3,4,2,6
B1,SA,5,B1:51,14,0,0,0,1,0,1,0,1,1
B1,SA,5,B1:51,15,0,1,0,0,0,1,1,0,1
B1,SA,5,B1:51,16,0,0,0,0,0,0,0,0,0
B1,SA,5,B1:52,10,0,0,0,0,0,0,0,0,0
B1,SA,5,B1:52,11,0,0,0,0,0,0,0,0,0
B1,SA,5,B1:52,12,4,4,2,3,6,7,8,5,13
B1,SA,5,B1:52,13,2,2,1,1,3,3,4,2,6
B1,SA,5,B1:52,14,0,0,0,1,0,1,0,1,1
B1,SA,5,B1:52,15,0,0,0,1,0,1,0,1,1
B1,SA,5,B1:52,16,0,0,0,0,0,0,0,0,0
B1,SA,5,B1:53,10,0,0,0,0,0,0,0,0,0
B1,SA,5,B1:53,11,4,0,6,2,10,2,4,8,12
B1,SA,5,B1:53,12,8,2,8,11,16,13,10,19,29
B1,SA,5,B1:53,13,1,5,3,1,4,6,6,4,10
B1,SA,5,B1:53,14,0,2,0,0,0,2,2,0,2
B1,SA,5,B1:53,15,0,0,0,0,0,0,0,0,0
B1,SA,5,B1:53,16,1,0,0,0,1,0,1,0,1
B1,SA,5,B1:54,10,0,0,0,0,0,0,0,0,0
B1,SA,5,B1:54,11,0,0,2,2,2,2,0,4,4
B1,SA,5,B1:54,12,2,4,17,11,19,15,6,28,34
B1,SA,5,B1:54,13,6,7,7,5,13,12,13,12,25
B1,SA,5,B1:54,14,4,1,3,2,7,3,5,5,10
B1,SA,5,B1:54,15,2,3,1,0,3,3,5,1,6
B1,SA,5,B1:54,16,1,2,0,0,1,2,3,0,3
B1,SA,5,B1:55,10,0,0,0,0,0,0,0,0,0
B1,SA,5,B1:55,11,0,2,9,8,9,10,2,17,19
B1,SA,5,B1:55,12,4,5,4,8,8,13,9,12,21
B1,SA,5,B1:55,13,6,5,4,1,10,6,11,5,16
B1,SA,5,B1:55,14,0,0,0,0,0,0,0,0,0
B1,SA,5,B1:55,15,0,0,0,0,0,0,0,0,0
B1,SA,5,B1:55,16,0,0,0,0,0,0,0,0,0
B1,SA,5,B1:56,10,0,0,0,0,0,0,0,0,0
B1,SA,5,B1:56,11,1,0,1,1,2,1,1,2,3
B1,SA,5,B1:56,12,8,4,7,3,15,7,12,10,22
B1,SA,5,B1:56,13,1,1,3,2,4,3,2,5,7
B1,SA,5,B1:56,14,1,0,0,0,1,0,1,0,1
B1,SA,5,B1:56,15,0,1,1,1,1,2,1,2,3
B1,SA,5,B1:56,16,0,0,0,0,0,0,0,0,0
B1,SA,5,B1:57,10,0,0,0,0,0,0,0,0,0
B1,SA,5,B1:57,11,0,0,0,1,0,1,0,1,1
B1,SA,5,B1:57,12,0,0,3,2,3,2,0,5,5
B1,SA,5,B1:57,13,1,1,0,0,1,1,2,0,2
B1,SA,5,B1:57,14,0,1,0,0,0,1,1,0,1
B1,SA,5,B1:57,15,0,0,0,0,0,0,0,0,0
B1,SA,5,B1:57,16,0,0,0,0,0,0,0,0,0
B1,SA,5,B1:58,10,0,0,0,0,0,0,0,0,0
B1,SA,5,B1:58,11,0,0,3,0,3,0,0,3,3
B1,SA,5,B1:58,12,4,6,6,4,10,10,10,10,20
B1,SA,5,B1:58,13,1,0,2,0,3,0,1,2,3
B1,SA,5,B1:58,14,1,2,0,0,1,2,3,0,3
B1,SA,5,B1:58,15,0,1,0,0,0,1,1,0,1
B1,SA,5,B1:58,16,0,0,0,0,0,0,0,0,0
B1,SA,5,B1:59,10,0,0,0,0,0,0,0,0,0
B1,SA,5,B1:59,11,1,0,2,2,3,2,1,4,5
B1,SA,5,B1:59,12,1,4,7,6,8,10,5,13,18
B1,SA,5,B1:59,13,5,5,2,6,7,11,10,8,18
B1,SA,5,B1:59,14,0,2,0,0,0,2,2,0,2
B1,SA,5,B1:59,15,1,0,0,1,1,1,1,1,2
B1,SA,5,B1:59,16,0,0,0,0,0,0,0,0,0
B1,SA,1,B1:6,10,0,0,0,0,0,0,0,0,0
B1,SA,1,B1:6,11,0,0,3,2,3,2,0,5,5
B1,SA,1,B1:6,12,2,4,4,1,6,5,6,5,11
B1,SA,1,B1:6,13,0,1,3,2,3,3,1,5,6
B1,SA,1,B1:6,14,3,0,2,3,5,3,3,5,8
B1,SA,1,B1:6,15,1,0,1,1,2,1,1,2,3
B1,SA,1,B1:6,16,0,0,0,0,0,0,0,0,0
B1,SA,5,B1:60,10,0,0,0,0,0,0,0,0,0
B1,SA,5,B1:60,11,1,0,7,7,8,7,1,14,15
B1,SA,5,B1:60,12,9,8,4,10,13,18,17,14,31
B1,SA,5,B1:60,13,3,6,5,6,8,12,9,11,20
B1,SA,5,B1:60,14,4,3,1,1,5,4,7,2,9
B1,SA,5,B1:60,15,0,1,0,1,0,2,1,1,2
B1,SA,5,B1:60,16,0,0,0,0,0,0,0,0,0
B1,Control,6,B1:61,10,0,0,0,0,0,0,0,0,0
B1,Control,6,B1:61,11,0,0,1,1,1,1,0,2,2
B1,Control,6,B1:61,12,2,0,4,1,6,1,2,5,7
B1,Control,6,B1:61,13,1,1,0,2,1,3,2,2,4
B1,Control,6,B1:61,14,0,0,1,1,1,1,0,2,2
B1,Control,6,B1:61,15,0,1,0,0,0,1,1,0,1
B1,Control,6,B1:61,16,0,0,0,0,0,0,0,0,0
B1,Control,6,B1:62,10,0,0,0,0,0,0,0,0,0
B1,Control,6,B1:62,11,1,5,2,2,3,7,6,4,10
B1,Control,6,B1:62,12,5,9,4,9,9,18,14,13,27
B1,Control,6,B1:62,13,1,0,8,5,9,5,1,13,14
B1,Control,6,B1:62,14,0,3,2,2,2,5,3,4,7
B1,Control,6,B1:62,15,0,0,1,0,1,0,0,1,1
B1,Control,6,B1:62,16,1,0,0,0,1,0,1,0,1
B1,Control,6,B1:63,10,0,0,2,0,2,0,0,2,2
B1,Control,6,B1:63,11,1,1,2,2,3,3,2,4,6
B1,Control,6,B1:63,12,3,3,1,4,4,7,6,5,11
B1,Control,6,B1:63,13,0,3,1,2,1,5,3,3,6
B1,Control,6,B1:63,14,1,0,0,0,1,0,1,0,1
B1,Control,6,B1:63,15,0,0,0,0,0,0,0,0,0
B1,Control,6,B1:63,16,0,1,0,0,0,1,1,0,1
B1,Control,6,B1:64,10,0,0,0,0,0,0,0,0,0
B1,Control,6,B1:64,11,3,3,6,5,9,8,6,11,17
B1,Control,6,B1:64,12,1,2,2,10,3,12,3,12,15
B1,Control,6,B1:64,13,0,1,1,0,1,1,1,1,2
B1,Control,6,B1:64,14,0,1,1,1,1,2,1,2,3
B1,Control,6,B1:64,15,0,0,0,0,0,0,0,0,0
B1,Control,6,B1:64,16,0,0,0,0,0,0,0,0,0
B1,Control,6,B1:65,10,0,0,1,0,1,0,0,1,1
B1,Control,6,B1:65,11,2,2,4,5,6,7,4,9,13
B1,Control,6,B1:65,12,3,2,3,2,6,4,5,5,10
B1,Control,6,B1:65,13,1,3,0,1,1,4,4,1,5
B1,Control,6,B1:65,14,1,0,0,1,1,1,1,1,2
B1,Control,6,B1:65,15,0,1,0,0,0,1,1,0,1
B1,Control,6,B1:65,16,0,0,0,0,0,0,0,0,0
B1,Control,6,B1:66,10,1,0,0,1,1,1,1,1,2
B1,Control,6,B1:66,11,4,1,3,2,7,3,5,5,10
B1,Control,6,B1:66,12,9,5,0,2,9,7,14,2,16
B1,Control,6,B1:66,13,0,0,1,0,1,0,0,1,1
B1,Control,6,B1:66,14,0,1,0,1,0,2,1,1,2
B1,Control,6,B1:66,15,0,1,0,1,0,2,1,1,2
B1,Control,6,B1:66,16,0,1,0,0,0,1,1,0,1
B1,Control,6,B1:67,10,0,0,1,0,1,0,0,1,1
B1,Control,6,B1:67,11,1,2,1,1,2,3,3,2,5
B1,Control,6,B1:67,12,6,0,4,1,10,1,6,5,11
B1,Control,6,B1:67,13,1,1,0,0,1,1,2,0,2
B1,Control,6,B1:67,14,0,1,0,1,0,2,1,1,2
B1,Control,6,B1:67,15,0,0,1,2,1,2,0,3,3
B1,Control,6,B1:67,16,0,0,0,0,0,0,0,0,0
B1,Control,6,B1:68,10,0,0,0,0,0,0,0,0,0
B1,Control,6,B1:68,11,0,0,0,0,0,0,0,0,0
B1,Control,6,B1:68,12,3,4,2,3,5,7,7,5,12
B1,Control,6,B1:68,13,3,5,5,5,8,10,8,10,18
B1,Control,6,B1:68,14,2,4,7,4,9,8,6,11,17
B1,Control,6,B1:68,15,0,0,1,1,1,1,0,2,2
B1,Control,6,B1:68,16,0,2,0,1,0,3,2,1,3
B1,Control,7,B1:69,10,0,0,0,0,0,0,0,0,0
B1,Control,7,B1:69,11,5,4,4,0,9,4,9,4,13
B1,Control,7,B1:69,12,7,14,4,7,11,21,21,11,32
B1,Control,7,B1:69,13,1,2,4,1,5,3,3,5,8
B1,Control,7,B1:69,14,0,1,0,1,0,2,1,1,2
B1,Control,7,B1:69,15,0,1,0,0,0,1,1,0,1
B1,Control,7,B1:69,16,0,1,0,0,0,1,1,0,1
B1,SA,1,B1:7,10,0,0,0,0,0,0,0,0,0
B1,SA,1,B1:7,11,0,0,0,0,0,0,0,0,0
B1,SA,1,B1:7,12,1,0,0,3,1,3,1,3,4
B1,SA,1,B1:7,13,1,1,0,0,1,1,2,0,2
B1,SA,1,B1:7,14,0,0,0,1,0,1,0,1,1
B1,SA,1,B1:7,15,0,1,0,0,0,1,1,0,1
B1,SA,1,B1:7,16,0,0,0,0,0,0,0,0,0
B1,Control,7,B1:70,10,0,0,0,0,0,0,0,0,0
B1,Control,7,B1:70,11,1,1,2,1,3,2,2,3,5
B1,Control,7,B1:70,12,6,3,3,4,9,7,9,7,16
B1,Control,7,B1:70,13,2,3,6,6,8,9,5,12,17
B1,Control,7,B1:70,14,2,2,1,2,3,4,4,3,7
B1,Control,7,B1:70,15,0,1,0,0,0,1,1,0,1
B1,Control,7,B1:70,16,1,0,2,1,3,1,1,3,4
B1,Control,7,B1:71,10,0,0,0,0,0,0,0,0,0
B1,Control,7,B1:71,11,0,0,2,0,2,0,0,2,2
B1,Control,7,B1:71,12,6,2,4,5,10,7,8,9,17
B1,Control,7,B1:71,13,3,7,3,1,6,8,10,4,14
B1,Control,7,B1:71,14,0,3,6,3,6,6,3,9,12
B1,Control,7,B1:71,15,2,1,4,3,6,4,3,7,10
B1,Control,7,B1:71,16,1,1,1,2,2,3,2,3,5
B1,Control,7,B1:72,10,0,0,0,0,0,0,0,0,0
B1,Control,7,B1:72,11,2,1,4,2,6,3,3,6,9
B1,Control,7,B1:72,12,8,3,3,3,11,6,11,6,17
B1,Control,7,B1:72,13,11,5,1,3,12,8,16,4,20
B1,Control,7,B1:72,14,5,3,5,3,10,6,8,8,16
B1,Control,7,B1:72,15,1,0,1,1,2,1,1,2,3
B1,Control,7,B1:72,16,0,1,1,0,1,1,1,1,2
B1,Control,7,B1:73,10,1,0,0,0,1,0,1,0,1
B1,Control,7,B1:73,11,2,0,1,3,3,3,2,4,6
B1,Control,7,B1:73,12,0,0,2,2,2,2,0,4,4
B1,Control,7,B1:73,13,0,0,0,0,0,0,0,0,0
B1,Control,7,B1:73,14,0,0,0,0,0,0,0,0,0
B1,Control,7,B1:73,15,0,0,0,0,0,0,0,0,0
B1,Control,7,B1:73,16,0,0,0,0,0,0,0,0,0
B1,Control,7,B1:74,10,0,0,0,0,0,0,0,0,0
B1,Control,7,B1:74,11,2,0,1,1,3,1,2,2,4
B1,Control,7,B1:74,12,6,3,9,2,15,5,9,11,20
B1,Control,7,B1:74,13,4,2,9,2,13,4,6,11,17
B1,Control,7,B1:74,14,0,1,1,3,1,4,1,4,5
B1,Control,7,B1:74,15,1,1,1,1,2,2,2,2,4
B1,Control,7,B1:74,16,0,1,0,1,0,2,1,1,2
B1,Control,7,B1:75,10,0,0,0,0,0,0,0,0,0
B1,Control,7,B1:75,11,2,1,1,0,3,1,3,1,4
B1,Control,7,B1:75,12,3,3,2,5,5,8,6,7,13
B1,Control,7,B1:75,13,2,2,3,0,5,2,4,3,7
B1,Control,7,B1:75,14,0,1,3,3,3,4,1,6,7
B1,Control,7,B1:75,15,1,1,2,0,3,1,2,2,4
B1,Control,7,B1:75,16,0,0,0,0,0,0,0,0,0
B1,Control,7,B1:76,10,0,0,0,0,0,0,0,0,0
B1,Control,7,B1:76,11,1,0,1,0,2,0,1,1,2
B1,Control,7,B1:76,12,4,4,6,4,10,8,8,10,18
B1,Control,7,B1:76,13,3,2,6,3,9,5,5,9,14
B1,Control,7,B1:76,14,2,1,0,2,2,3,3,2,5
B1,Control,7,B1:76,15,3,2,0,1,3,3,5,1,6
B1,Control,7,B1:76,16,1,0,0,1,1,1,1,1,2
B1,Control,8,B1:77,10,0,0,0,0,0,0,0,0,0
B1,Control,8,B1:77,11,6,3,2,3,8,6,9,5,14
B1,Control,8,B1:77,12,0,3,4,6,4,9,3,10,13
B1,Control,8,B1:77,13,3,3,2,2,5,5,6,4,10
B1,Control,8,B1:77,14,0,0,0,0,0,0,0,0,0
B1,Control,8,B1:77,15,1,3,0,0,1,3,4,0,4
B1,Control,8,B1:77,16,0,0,0,1,0,1,0,1,1
B1,Control,8,B1:78,10,0,0,0,0,0,0,0,0,0
B1,Control,8,B1:78,11,1,4,4,3,5,7,5,7,12
B1,Control,8,B1:78,12,3,1,4,0,7,1,4,4,8
B1,Control,8,B1:78,13,1,0,0,0,1,0,1,0,1
B1,Control,8,B1:78,14,0,0,0,0,0,0,0,0,0
B1,Control,8,B1:78,15,0,0,0,0,0,0,0,0,0
B1,Control,8,B1:78,16,0,0,0,0,0,0,0,0,0
B1,Control,8,B1:79,10,1,0,3,0,4,0,1,3,4
B1,Control,8,B1:79,11,5,2,5,2,10,4,7,7,14
B1,Control,8,B1:79,12,1,2,4,2,5,4,3,6,9
B1,Control,8,B1:79,13,1,1,0,1,1,2,2,1,3
B1,Control,8,B1:79,14,0,0,0,0,0,0,0,0,0
B1,Control,8,B1:79,15,0,1,0,0,0,1,1,0,1
B1,Control,8,B1:79,16,0,0,0,0,0,0,0,0,0
B1,SA,1,B1:8,10,0,0,0,0,0,0,0,0,0
B1,SA,1,B1:8,11,0,1,2,0,2,1,1,2,3
B1,SA,1,B1:8,12,3,4,4,5,7,9,7,9,16
B1,SA,1,B1:8,13,0,0,2,4,2,4,0,6,6
B1,SA,1,B1:8,14,2,1,0,1,2,2,3,1,4
B1,SA,1,B1:8,15,0,1,0,0,0,1,1,0,1
B1,SA,1,B1:8,16,0,3,1,0,1,3,3,1,4
B1,Control,8,B1:80,10,0,0,0,0,0,0,0,0,0
B1,Control,8,B1:80,11,6,2,5,11,11,13,8,16,24
B1,Control,8,B1:80,12,5,4,5,1,10,5,9,6,15
B1,Control,8,B1:80,13,1,2,2,0,3,2,3,2,5
B1,Control,8,B1:80,14,0,0,1,1,1,1,0,2,2
B1,Control,8,B1:80,15,0,0,2,0,2,0,0,2,2
B1,Control,8,B1:80,16,0,0,0,0,0,0,0,0,0
B1,Control,8,B1:81,10,1,1,0,0,1,1,2,0,2
B1,Control,8,B1:81,11,5,9,8,1,13,10,14,9,23
B1,Control,8,B1:81,12,2,1,3,4,5,5,3,7,10
B1,Control,8,B1:81,13,4,3,7,3,11,6,7,10,17
B1,Control,8,B1:81,14,2,0,2,2,4,2,2,4,6
B1,Control,8,B1:81,15,0,1,0,2,0,3,1,2,3
B1,Control,8,B1:81,16,0,0,1,1,1,1,0,2,2
B1,Control,8,B1:82,10,1,0,0,0,1,0,1,0,1
B1,Control,8,B1:82,11,1,1,1,1,2,2,2,2,4
B1,Control,8,B1:82,12,5,0,3,0,8,0,5,3,8
B1,Control,8,B1:82,13,3,0,0,0,3,0,3,0,3
B1,Control,8,B1:82,14,0,0,0,0,0,0,0,0,0
B1,Control,8,B1:82,15,2,0,1,1,3,1,2,2,4
B1,Control,8,B1:82,16,0,1,0,0,0,1,1,0,1
B1,Control,8,B1:83,10,0,0,0,0,0,0,0,0,0
B1,Control,8,B1:83,11,3,0,0,0,3,0,3,0,3
B1,Control,8,B1:83,12,7,2,5,4,12,6,9,9,18
B1,Control,8,B1:83,13,2,2,6,3,8,5,4,9,13
B1,Control,8,B1:83,14,5,2,2,2,7,4,7,4,11
B1,Control,8,B1:83,15,0,0,0,0,0,0,0,0,0
B1,Control,8,B1:83,16,0,0,0,2,0,2,0,2,2
B1,Control,8,B1:84,10,0,0,0,0,0,0,0,0,0
B1,Control,8,B1:84,11,5,6,1,6,6,12,11,7,18
B1,Control,8,B1:84,12,1,4,5,4,6,8,5,9,14
B1,Control,8,B1:84,13,1,0,0,2,1,2,1,2,3
B1,Control,8,B1:84,14,0,3,1,1,1,4,3,2,5
B1,Control,8,B1:84,15,0,1,0,0,0,1,1,0,1
B1,Control,8,B1:84,16,0,0,0,2,0,2,0,2,2
B1,Control,8,B1:85,10,0,0,0,0,0,0,0,0,0
B1,Control,8,B1:85,11,0,0,0,0,0,0,0,0,0
B1,Control,8,B1:85,12,2,4,2,3,4,7,6,5,11
B1,Control,8,B1:85,13,4,3,7,3,11,6,7,10,17
B1,Control,8,B1:85,14,6,3,4,2,10,5,9,6,15
B1,Control,8,B1:85,15,0,2,0,1,0,3,2,1,3
B1,Control,8,B1:85,16,0,0,0,1,0,1,0,1,1
B1,Control,8,B1:86,10,0,0,0,0,0,0,0,0,0
B1,Control,8,B1:86,11,3,1,10,4,13,5,4,14,18
B1,Control,8,B1:86,12,4,6,5,4,9,10,10,9,19
B1,Control,8,B1:86,13,4,7,5,8,9,15,11,13,24
B1,Control,8,B1:86,14,4,2,2,1,6,3,6,3,9
B1,Control,8,B1:86,15,2,4,1,0,3,4,6,1,7
B1,Control,8,B1:86,16,0,1,0,0,0,1,1,0,1
B1,Control,8,B1:87,10,0,0,0,0,0,0,0,0,0
B1,Control,8,B1:87,11,4,5,5,6,9,11,9,11,20
B1,Control,8,B1:87,12,2,2,4,3,6,5,4,7,11
B1,Control,8,B1:87,13,0,0,0,1,0,1,0,1,1
B1,Control,8,B1:87,14,0,0,0,0,0,0,0,0,0
B1,Control,8,B1:87,15,0,1,0,0,0,1,1,0,1
B1,Control,8,B1:87,16,0,0,0,0,0,0,0,0,0
B1,Control,8,B1:88,10,2,0,0,0,2,0,2,0,2
B1,Control,8,B1:88,11,3,6,4,3,7,9,9,7,16
B1,Control,8,B1:88,12,12,3,3,1,15,4,15,4,19
B1,Control,8,B1:88,13,2,3,0,2,2,5,5,2,7
B1,Control,8,B1:88,14,0,0,0,2,0,2,0,2,2
B1,Control,8,B1:88,15,0,1,0,1,0,2,1,1,2
B1,Control,8,B1:88,16,1,0,0,0,1,0,1,0,1
B1,Control,9,B1:89,10,0,0,0,0,0,0,0,0,0
B1,Control,9,B1:89,11,2,2,2,6,4,8,4,8,12
B1,Control,9,B1:89,12,4,2,8,2,12,4,6,10,16
B1,Control,9,B1:89,13,3,2,1,0,4,2,5,1,6
B1,Control,9,B1:89,14,3,1,1,3,4,4,4,4,8
B1,Control,9,B1:89,15,2,1,3,0,5,1,3,3,6
B1,Control,9,B1:89,16,0,1,0,0,0,1,1,0,1
B1,SA,1,B1:9,10,0,0,0,1,0,1,0,1,1
B1,SA,1,B1:9,11,0,0,2,1,2,1,0,3,3
B1,SA,1,B1:9,12,2,5,3,1,5,6,7,4,11
B1,SA,1,B1:9,13,1,1,1,0,2,1,2,1,3
B1,SA,1,B1:9,14,1,0,0,1,1,1,1,1,2
B1,SA,1,B1:9,15,0,0,0,0,0,0,0,0,0
B1,SA,1,B1:9,16,0,0,0,0,0,0,0,0,0
B1,Control,9,B1:90,10,0,0,0,0,0,0,0,0,0
B1,Control,9,B1:90,11,1,2,3,4,4,6,3,7,10
B1,Control,9,B1:90,12,6,1,4,0,10,1,7,4,11
B1,Control,9,B1:90,13,0,2,4,4,4,6,2,8,10
B1,Control,9,B1:90,14,0,1,1,1,1,2,1,2,3
B1,Control,9,B1:90,15,1,0,0,3,1,3,1,3,4
B1,Control,9,B1:90,16,1,0,0,0,1,0,1,0,1
B1,Control,9,B1:91,10,0,0,0,0,0,0,0,0,0
B1,Control,9,B1:91,11,2,1,1,0,3,1,3,1,4
B1,Control,9,B1:91,12,2,6,6,6,8,12,8,12,20
B1,Control,9,B1:91,13,2,2,5,2,7,4,4,7,11
B1,Control,9,B1:91,14,5,4,4,5,9,9,9,9,18
B1,Control,9,B1:91,15,4,0,1,1,5,1,4,2,6
B1,Control,9,B1:91,16,2,0,1,1,3,1,2,2,4
B1,Control,9,B1:92,10,0,0,0,0,0,0,0,0,0
B1,Control,9,B1:92,11,0,0,1,0,1,0,0,1,1
B1,Control,9,B1:92,12,4,1,2,6,6,7,5,8,13
B1,Control,9,B1:92,13,1,1,3,3,4,4,2,6,8
B1,Control,9,B1:92,14,0,0,0,0,0,0,0,0,0
B1,Control,9,B1:92,15,0,0,0,1,0,1,0,1,1
B1,Control,9,B1:92,16,0,0,0,0,0,0,0,0,0
B1,Control,9,B1:93,10,0,0,0,0,0,0,0,0,0
B1,Control,9,B1:93,11,1,0,0,0,1,0,1,0,1
B1,Control,9,B1:93,12,4,3,3,5,7,8,7,8,15
B1,Control,9,B1:93,13,1,3,3,3,4,6,4,6,10
B1,Control,9,B1:93,14,2,2,1,1,3,3,4,2,6
B1,Control,9,B1:93,15,0,1,1,1,1,2,1,2,3
B1,Control,9,B1:93,16,0,0,0,0,0,0,0,0,0
B1,Control,9,B1:94,10,0,0,0,0,0,0,0,0,0
B1,Control,9,B1:94,11,3,0,4,0,7,0,3,4,7
B1,Control,9,B1:94,12,4,3,9,2,13,5,7,11,18
B1,Control,9,B1:94,13,3,6,5,4,8,10,9,9,18
B1,Control,9,B1:94,14,2,2,0,0,2,2,4,0,4
B1,Control,9,B1:94,15,0,1,0,0,0,1,1,0,1
B1,Control,9,B1:94,16,0,1,0,1,0,2,1,1,2
B1,Control,9,B1:95,10,0,0,0,0,0,0,0,0,0
B1,Control,9,B1:95,11,7,1,2,1,9,2,8,3,11
B1,Control,9,B1:95,12,2,4,3,2,5,6,6,5,11
B1,Control,9,B1:95,13,0,1,0,2,0,3,1,2,3
B1,Control,9,B1:95,14,2,1,1,3,3,4,3,4,7
B1,Control,9,B1:95,15,0,0,0,0,0,0,0,0,0
B1,Control,9,B1:95,16,0,0,0,1,0,1,0,1,1
B1,Control,9,B1:96,10,0,0,0,0,0,0,0,0,0
B1,Control,9,B1:96,11,3,2,3,8,6,10,5,11,16
B1,Control,9,B1:96,12,7,5,2,2,9,7,12,4,16
B1,Control,9,B1:96,13,4,2,5,1,9,3,6,6,12
B1,Control,9,B1:96,14,3,3,1,5,4,8,6,6,12
B1,Control,9,B1:96,15,1,2,0,1,1,3,3,1,4
B1,Control,9,B1:96,16,0,1,0,0,0,1,1,0,1
B1,Control,9,B1:97,10,0,0,0,0,0,0,0,0,0
B1,Control,9,B1:97,11,8,5,5,6,13,11,13,11,24
B1,Control,9,B1:97,12,1,1,5,2,6,3,2,7,9
B1,Control,9,B1:97,13,3,2,1,1,4,3,5,2,7
B1,Control,9,B1:97,14,1,0,0,2,1,2,1,2,3
B1,Control,9,B1:97,15,0,0,1,2,1,2,0,3,3
B1,Control,9,B1:97,16,0,1,0,0,0,1,1,0,1
B1,Control,9,B1:98,10,0,0,0,0,0,0,0,0,0
B1,Control,9,B1:98,11,2,2,4,2,6,4,4,6,10
B1,Control,9,B1:98,12,8,3,5,9,13,12,11,14,25
B1,Control,9,B1:98,13,2,4,7,5,9,9,6,12,18
B1,Control,9,B1:98,14,3,6,0,3,3,9,9,3,12
B1,Control,9,B1:98,15,0,0,1,0,1,0,0,1,1
B1,Control,9,B1:98,16,0,0,0,0,0,0,0,0,0
B1,Control,9,B1:99,10,0,0,0,0,0,0,0,0,0
B1,Control,9,B1:99,11,4,1,1,1,5,2,5,2,7
B1,Control,9,B1:99,12,9,5,3,10,12,15,14,13,27
B1,Control,9,B1:99,13,3,4,1,1,4,5,7,2,9
B1,Control,9,B1:99,14,3,2,2,0,5,2,5,2,7
B1,Control,9,B1:99,15,0,0,0,1,0,1,0,1,1
B1,Control,9,B1:99,16,0,0,1,1,1,1,0,2,2
B2,SA,1,B2:1,10,0,0,7,5,7,5,0,12,12
B2,SA,1,B2:1,11,8,4,4,6,12,10,12,10,22
B2,SA,1,B2:1,12,8,4,6,5,14,9,12,11,23
B2,SA,1,B2:1,13,2,4,3,3,5,7,6,6,12
B2,SA,1,B2:1,14,0,1,0,0,0,1,1,0,1
B2,SA,1,B2:1,15,0,0,0,1,0,1,0,1,1
B2,SA,1,B2:1,16,0,1,0,0,0,1,1,0,1
B2,SA,1,B2:10,10,0,1,2,1,2,2,1,3,4
B2,SA,1,B2:10,11,4,7,4,9,8,16,11,13,24
B2,SA,1,B2:10,12,5,5,4,6,9,11,10,10,20
B2,SA,1,B2:10,13,2,1,0,0,2,1,3,0,3
B2,SA,1,B2:10,14,0,0,0,1,0,1,0,1,1
B2,SA,1,B2:10,15,0,0,0,0,0,0,0,0,0
B2,SA,1,B2:10,16,0,0,0,0,0,0,0,0,0
B2,Control,9,B2:100,10,2,0,3,2,5,2,2,5,7
B2,Control,9,B2:100,11,5,2,3,2,8,4,7,5,12
B2,Control,9,B2:100,12,4,0,2,4,6,4,4,6,10
B2,Control,9,B2:100,13,1,0,0,0,1,0,1,0,1
B2,Control,9,B2:100,14,0,0,0,0,0,0,0,0,0
B2,Control,9,B2:100,15,1,0,0,0,1,0,1,0,1
B2,Control,9,B2:100,16,0,0,0,0,0,0,0,0,0
B2,Control,9,B2:101,10,4,3,3,2,7,5,7,5,12
B2,Control,9,B2:101,11,4,5,0,2,4,7,9,2,11
B2,Control,9,B2:101,12,5,1,1,4,6,5,6,5,11
B2,Control,9,B2:101,13,0,0,1,0,1,0,0,1,1
B2,Control,9,B2:101,14,0,0,0,0,0,0,0,0,0
B2,Control,9,B2:101,15,0,0,0,0,0,0,0,0,0
B2,Control,9,B2:101,16,0,0,0,0,0,0,0,0,0
B2,Control,9,B2:102,10,1,0,3,0,4,0,1,3,4
B2,Control,9,B2:102,11,6,9,10,3,16,12,15,13,28
B2,Control,9,B2:102,12,6,5,9,1,15,6,11,10,21
B2,Control,9,B2:102,13,3,9,6,6,9,15,12,12,24
B2,Control,9,B2:102,14,0,4,0,0,0,4,4,0,4
B2,Control,9,B2:102,15,1,0,0,1,1,1,1,1,2
B2,Control,9,B2:102,16,0,0,0,0,0,0,0,0,0
B2,Control,9,B2:103,10,0,3,1,1,1,4,3,2,5
B2,Control,9,B2:103,11,8,9,8,7,16,16,17,15,32
B2,Control,9,B2:103,12,2,2,2,4,4,6,4,6,10
B2,Control,9,B2:103,13,1,2,1,2,2,4,3,3,6
B2,Control,9,B2:103,14,1,1,0,0,1,1,2,0,2
B2,Control,9,B2:103,15,0,0,1,0,1,0,0,1,1
B2,Control,9,B2:103,16,0,0,0,0,0,0,0,0,0
B2,Control,9,B2:104,10,1,2,2,2,3,4,3,4,7
B2,Control,9,B2:104,11,6,3,2,4,8,7,9,6,15
B2,Control,9,B2:104,12,3,5,5,5,8,10,8,10,18
B2,Control,9,B2:104,13,2,0,0,1,2,1,2,1,3
B2,Control,9,B2:104,14,0,0,1,0,1,0,0,1,1
B2,Control,9,B2:104,15,0,0,0,0,0,0,0,0,0
B2,Control,9,B2:104,16,0,0,0,0,0,0,0,0,0
B2,Control,10,B2:105,10,9,6,8,5,17,11,15,13,28
B2,Control,10,B2:105,11,4,3,2,4,6,7,7,6,13
B2,Control,10,B2:105,12,4,1,4,2,8,3,5,6,11
B2,Control,10,B2:105,13,2,1,0,1,2,2,3,1,4
B2,Control,10,B2:105,14,0,1,0,0,0,1,1,0,1
B2,Control,10,B2:105,15,0,0,0,0,0,0,0,0,0
B2,Control,10,B2:105,16,0,0,0,0,0,0,0,0,0
B2,Control,10,B2:106,10,0,0,1,1,1,1,0,2,2
B2,Control,10,B2:106,11,6,5,7,8,13,13,11,15,26
B2,Control,10,B2:106,12,3,6,5,5,8,11,9,10,19
B2,Control,10,B2:106,13,3,1,0,1,3,2,4,1,5
B2,Control,10,B2:106,14,0,1,0,0,0,1,1,0,1
B2,Control,10,B2:106,15,0,0,1,0,1,0,0,1,1
B2,Control,10,B2:106,16,0,0,0,0,0,0,0,0,0
B2,Control,10,B2:107,10,0,0,6,0,6,0,0,6,6
B2,Control,10,B2:107,11,8,5,11,6,19,11,13,17,30
B2,Control,10,B2:107,12,5,7,5,8,10,15,12,13,25
B2,Control,10,B2:107,13,0,0,0,1,0,1,0,1,1
B2,Control,10,B2:107,14,0,0,0,1,0,1,0,1,1
B2,Control,10,B2:107,15,0,0,0,0,0,0,0,0,0
B2,Control,10,B2:107,16,0,0,0,0,0,0,0,0,0
B2,Control,10,B2:108,10,0,0,2,0,2,0,0,2,2
B2,Control,10,B2:108,11,1,1,2,3,3,4,2,5,7
B2,Control,10,B2:108,12,1,4,1,1,2,5,5,2,7
B2,Control,10,B2:108,13,0,0,0,1,0,1,0,1,1
B2,Control,10,B2:108,14,0,0,0,0,0,0,0,0,0
B2,Control,10,B2:108,15,0,0,0,0,0,0,0,0,0
B2,Control,10,B2:108,16,0,0,0,0,0,0,0,0,0
B2,Control,10,B2:109,10,4,2,4,5,8,7,6,9,15
B2,Control,10,B2:109,11,3,9,3,2,6,11,12,5,17
B2,Control,10,B2:109,12,5,9,10,4,15,13,14,14,28
B2,Control,10,B2:109,13,4,0,2,2,6,2,4,4,8
B2,Control,10,B2:109,14,0,1,2,0,2,1,1,2,3
B2,Control,10,B2:109,15,0,1,0,0,0,1,1,0,1
B2,Control,10,B2:109,16,0,0,0,0,0,0,0,0,0
B2,SA,1,B2:11,10,3,0,6,5,9,5,3,11,14
B2,SA,1,B2:11,11,4,5,3,10,7,15,9,13,22
B2,SA,1,B2:11,12,1,2,1,2,2,4,3,3,6
B2,SA,1,B2:11,13,3,2,0,0,3,2,5,0,5
B2,SA,1,B2:11,14,0,0,0,1,0,1,0,1,1
B2,SA,1,B2:11,15,0,0,0,0,0,0,0,0,0
B2,SA,1,B2:11,16,0,0,0,0,0,0,0,0,0
B2,Control,10,B2:110,10,3,7,8,5,11,12,10,13,23
B2,Control,10,B2:110,11,3,4,1,4,4,8,7,5,12
B2,Control,10,B2:110,12,4,5,2,1,6,6,9,3,12
B2,Control,10,B2:110,13,1,1,0,0,1,1,2,0,2
B2,Control,10,B2:110,14,0,0,0,0,0,0,0,0,0
B2,Control,10,B2:110,15,0,0,0,0,0,0,0,0,0
B2,Control,10,B2:110,16,0,0,0,0,0,0,0,0,0
B2,Control,10,B2:111,10,4,1,5,2,9,3,5,7,12
B2,Control,10,B2:111,11,7,9,6,7,13,16,16,13,29
B2,Control,10,B2:111,12,7,7,3,3,10,10,14,6,20
B2,Control,10,B2:111,13,1,1,1,1,2,2,2,2,4
B2,Control,10,B2:111,14,1,0,0,0,1,0,1,0,1
B2,Control,10,B2:111,15,0,0,0,0,0,0,0,0,0
B2,Control,10,B2:111,16,0,0,0,1,0,1,0,1,1
B2,Control,10,B2:112,10,0,0,1,0,1,0,0,1,1
B2,Control,10,B2:112,11,4,7,6,7,10,14,11,13,24
B2,Control,10,B2:112,12,0,2,5,6,5,8,2,11,13
B2,Control,10,B2:112,13,2,1,0,0,2,1,3,0,3
B2,Control,10,B2:112,14,1,0,0,0,1,0,1,0,1
B2,Control,10,B2:112,15,0,0,0,0,0,0,0,0,0
B2,Control,10,B2:112,16,0,0,0,1,0,1,0,1,1
B2,Control,10,B2:113,10,4,1,4,1,8,2,5,5,10
B2,Control,10,B2:113,11,6,7,8,7,14,14,13,15,28
B2,Control,10,B2:113,12,1,2,1,4,2,6,3,5,8
B2,Control,10,B2:113,13,2,0,0,0,2,0,2,0,2
B2,Control,10,B2:113,14,0,0,0,0,0,0,0,0,0
B2,Control,10,B2:113,15,0,0,0,0,0,0,0,0,0
B2,Control,10,B2:113,16,0,0,0,0,0,0,0,0,0
B2,Control,10,B2:114,10,2,0,3,1,5,1,2,4,6
B2,Control,10,B2:114,11,4,4,3,6,7,10,8,9,17
B2,Control,10,B2:114,12,3,3,5,2,8,5,6,7,13
B2,Control,10,B2:114,13,2,2,0,0,2,2,4,0,4
B2,Control,10,B2:114,14,0,0,0,0,0,0,0,0,0
B2,Control,10,B2:114,15,0,0,0,0,0,0,0,0,0
B2,Control,10,B2:114,16,0,1,0,1,0,2,1,1,2
B2,Control,10,B2:115,10,1,0,3,0,4,0,1,3,4
B2,Control,10,B2:115,11,0,6,2,6,2,12,6,8,14
B2,Control,10,B2:115,12,1,3,2,4,3,7,4,6,10
B2,Control,10,B2:115,13,0,0,0,1,0,1,0,1,1
B2,Control,10,B2:115,14,0,0,0,0,0,0,0,0,0
B2,Control,10,B2:115,15,0,0,0,0,0,0,0,0,0
B2,Control,10,B2:115,16,0,1,0,0,0,1,1,0,1
B2,Control,10,B2:116,10,3,1,5,0,8,1,4,5,9
B2,Control,10,B2:116,11,5,7,7,2,12,9,12,9,21
B2,Control,10,B2:116,12,5,6,5,4,10,10,11,9,20
B2,Control,10,B2:116,13,2,1,0,1,2,2,3,1,4
B2,Control,10,B2:116,14,0,0,0,0,0,0,0,0,0
B2,Control,10,B2:116,15,0,0,0,0,0,0,0,0,0
B2,Control,10,B2:116,16,0,0,0,0,0,0,0,0,0
B2,SA,1,B2:12,10,1,2,8,7,9,9,3,15,18
B2,SA,1,B2:12,11,2,5,6,5,8,10,7,11,18
B2,SA,1,B2:12,12,5,3,4,5,9,8,8,9,17
B2,SA,1,B2:12,13,1,3,0,0,1,3,4,0,4
B2,SA,1,B2:12,14,1,2,0,0,1,2,3,0,3
B2,SA,1,B2:12,15,0,0,0,0,0,0,0,0,0
B2,SA,1,B2:12,16,0,0,0,1,0,1,0,1,1
B2,SA,2,B2:13,10,0,1,2,3,2,4,1,5,6
B2,SA,2,B2:13,11,1,8,9,11,10,19,9,20,29
B2,SA,2,B2:13,12,5,0,5,9,10,9,5,14,19
B2,SA,2,B2:13,13,4,4,1,2,5,6,8,3,11
B2,SA,2,B2:13,14,3,2,0,0,3,2,5,0,5
B2,SA,2,B2:13,15,1,0,0,0,1,0,1,0,1
B2,SA,2,B2:13,16,0,0,0,0,0,0,0,0,0
B2,SA,2,B2:14,10,0,0,1,0,1,0,0,1,1
B2,SA,2,B2:14,11,1,0,2,5,3,5,1,7,8
B2,SA,2,B2:14,12,2,2,2,4,4,6,4,6,10
B2,SA,2,B2:14,13,0,1,0,0,0,1,1,0,1
B2,SA,2,B2:14,14,0,2,0,0,0,2,2,0,2
B2,SA,2,B2:14,15,0,0,0,0,0,0,0,0,0
B2,SA,2,B2:14,16,0,0,0,0,0,0,0,0,0
B2,SA,2,B2:15,10,0,0,0,0,0,0,0,0,0
B2,SA,2,B2:15,11,1,0,1,4,2,4,1,5,6
B2,SA,2,B2:15,12,0,3,0,1,0,4,3,1,4
B2,SA,2,B2:15,13,0,0,0,0,0,0,0,0,0
B2,SA,2,B2:15,14,0,0,0,0,0,0,0,0,0
B2,SA,2,B2:15,15,0,0,0,0,0,0,0,0,0
B2,SA,2,B2:15,16,0,0,0,0,0,0,0,0,0
B2,SA,2,B2:16,10,0,0,3,1,3,1,0,4,4
B2,SA,2,B2:16,11,4,6,7,9,11,15,10,16,26
B2,SA,2,B2:16,12,3,1,4,3,7,4,4,7,11
B2,SA,2,B2:16,13,3,2,0,2,3,4,5,2,7
B2,SA,2,B2:16,14,1,1,0,0,1,1,2,0,2
B2,SA,2,B2:16,15,0,0,0,0,0,0,0,0,0
B2,SA,2,B2:16,16,0,0,0,0,0,0,0,0,0
B2,SA,2,B2:17,10,1,0,8,1,9,1,1,9,10
B2,SA,2,B2:17,11,1,1,4,9,5,10,2,13,15
B2,SA,2,B2:17,12,4,7,3,3,7,10,11,6,17
B2,SA,2,B2:17,13,3,3,0,2,3,5,6,2,8
B2,SA,2,B2:17,14,0,0,0,0,0,0,0,0,0
B2,SA,2,B2:17,15,0,0,0,0,0,0,0,0,0
B2,SA,2,B2:17,16,0,0,0,0,0,0,0,0,0
B2,SA,2,B2:18,10,5,1,6,5,11,6,6,11,17
B2,SA,2,B2:18,11,9,3,5,3,14,6,12,8,20
B2,SA,2,B2:18,12,5,6,1,3,6,9,11,4,15
B2,SA,2,B2:18,13,2,2,1,0,3,2,4,1,5
B2,SA,2,B2:18,14,1,0,0,0,1,0,1,0,1
B2,SA,2,B2:18,15,0,0,0,0,0,0,0,0,0
B2,SA,2,B2:18,16,0,0,0,0,0,0,0,0,0
B2,SA,2,B2:19,10,0,0,2,1,2,1,0,3,3
B2,SA,2,B2:19,11,6,0,10,8,16,8,6,18,24
B2,SA,2,B2:19,12,4,1,1,6,5,7,5,7,12
B2,SA,2,B2:19,13,1,0,3,2,4,2,1,5,6
B2,SA,2,B2:19,14,0,2,0,0,0,2,2,0,2
B2,SA,2,B2:19,15,0,1,0,0,0,1,1,0,1
B2,SA,2,B2:19,16,1,0,0,0,1,0,1,0,1
B2,SA,1,B2:2,10,1,1,4,0,5,1,2,4,6
B2,SA,1,B2:2,11,4,5,0,2,4,7,9,2,11
B2,SA,1,B2:2,12,1,0,6,0,7,0,1,6,7
B2,SA,1,B2:2,13,0,3,0,1,0,4,3,1,4
B2,SA,1,B2:2,14,0,0,0,0,0,0,0,0,0
B2,SA,1,B2:2,15,0,0,0,0,0,0,0,0,0
B2,SA,1,B2:2,16,0,0,0,0,0,0,0,0,0
B2,SA,2,B2:20,10,0,0,0,0,0,0,0,0,0
B2,SA,2,B2:20,11,0,1,3,2,3,3,1,5,6
B2,SA,2,B2:20,12,1,3,7,4,8,7,4,11,15
B2,SA,2,B2:20,13,1,0,3,2,4,2,1,5,6
B2,SA,2,B2:20,14,2,3,0,1,2,4,5,1,6
B2,SA,2,B2:20,15,0,2,0,0,0,2,2,0,2
B2,SA,2,B2:20,16,0,0,0,0,0,0,0,0,0
B2,SA,2,B2:21,10,0,0,0,0,0,0,0,0,0
B2,SA,2,B2:21,11,1,0,3,8,4,8,1,11,12
B2,SA,2,B2:21,12,4,1,4,8,8,9,5,12,17
B2,SA,2,B2:21,13,3,3,0,2,3,5,6,2,8
B2,SA,2,B2:21,14,0,2,1,0,1,2,2,1,3
B2,SA,2,B2:21,15,1,1,0,0,1,1,2,0,2
B2,SA,2,B2:21,16,0,0,0,0,0,0,0,0,0
B2,SA,2,B2:22,10,0,1,1,3,1,4,1,4,5
B2,SA,2,B2:22,11,1,2,10,11,11,13,3,21,24
B2,SA,2,B2:22,12,3,5,3,6,6,11,8,9,17
B2,SA,2,B2:22,13,5,2,0,0,5,2,7,0,7
B2,SA,2,B2:22,14,0,2,0,0,0,2,2,0,2
B2,SA,2,B2:22,15,0,0,0,0,0,0,0,0,0
B2,SA,2,B2:22,16,0,0,0,0,0,0,0,0,0
B2,SA,3,B2:23,10,0,0,0,0,0,0,0,0,0
B2,SA,3,B2:23,11,4,1,12,6,16,7,5,18,23
B2,SA,3,B2:23,12,4,4,4,2,8,6,8,6,14
B2,SA,3,B2:23,13,1,2,0,1,1,3,3,1,4
B2,SA,3,B2:23,14,2,0,0,0,2,0,2,0,2
B2,SA,3,B2:23,15,0,0,0,0,0,0,0,0,0
B2,SA,3,B2:23,16,0,0,0,0,0,0,0,0,0
B2,SA,3,B2:24,10,1,2,3,6,4,8,3,9,12
B2,SA,3,B2:24,11,4,0,4,2,8,2,4,6,10
B2,SA,3,B2:24,12,4,3,0,3,4,6,7,3,10
B2,SA,3,B2:24,13,1,2,0,1,1,3,3,1,4
B2,SA,3,B2:24,14,0,1,0,0,0,1,1,0,1
B2,SA,3,B2:24,15,0,1,0,0,0,1,1,0,1
B2,SA,3,B2:24,16,0,1,0,0,0,1,1,0,1
B2,SA,3,B2:25,10,0,0,0,0,0,0,0,0,0
B2,SA,3,B2:25,11,1,1,15,6,16,7,2,21,23
B2,SA,3,B2:25,12,10,4,3,2,13,6,14,5,19
B2,SA,3,B2:25,13,0,0,0,0,0,0,0,0,0
B2,SA,3,B2:25,14,0,0,0,1,0,1,0,1,1
B2,SA,3,B2:25,15,0,0,0,0,0,0,0,0,0
B2,SA,3,B2:25,16,0,0,0,0,0,0,0,0,0
B2,SA,3,B2:26,10,0,0,3,0,3,0,0,3,3
B2,SA,3,B2:26,11,4,6,7,7,11,13,10,14,24
B2,SA,3,B2:26,12,9,8,5,6,14,14,17,11,28
B2,SA,3,B2:26,13,2,8,1,2,3,10,10,3,13
B2,SA,3,B2:26,14,0,1,0,0,0,1,1,0,1
B2,SA,3,B2:26,15,0,0,0,1,0,1,0,1,1
B2,SA,3,B2:26,16,0,0,0,0,0,0,0,0,0
B2,SA,3,B2:27,10,4,2,9,5,13,7,6,14,20
B2,SA,3,B2:27,11,6,5,9,10,15,15,11,19,30
B2,SA,3,B2:27,12,4,3,8,1,12,4,7,9,16
B2,SA,3,B2:27,13,4,0,0,3,4,3,4,3,7
B2,SA,3,B2:27,14,0,1,0,0,0,1,1,0,1
B2,SA,3,B2:27,15,0,0,0,0,0,0,0,0,0
B2,SA,3,B2:27,16,0,1,0,1,0,2,1,1,2
B2,SA,3,B2:28,10,0,0,2,3,2,3,0,5,5
B2,SA,3,B2:28,11,1,3,10,11,11,14,4,21,25
B2,SA,3,B2:28,12,3,2,7,4,10,6,5,11,16
B2,SA,3,B2:28,13,5,2,2,2,7,4,7,4,11
B2,SA,3,B2:28,14,0,1,0,1,0,2,1,1,2
B2,SA,3,B2:28,15,0,0,0,0,0,0,0,0,0
B2,SA,3,B2:28,16,0,0,0,0,0,0,0,0,0
B2,SA,3,B2:29,10,0,0,0,0,0,0,0,0,0
B2,SA,3,B2:29,11,2,1,11,6,13,7,3,17,20
B2,SA,3,B2:29,12,5,8,4,8,9,16,13,12,25
B2,SA,3,B2:29,13,4,4,1,1,5,5,8,2,10
B2,SA,3,B2:29,14,0,0,0,0,0,0,0,0,0
B2,SA,3,B2:29,15,1,1,0,1,1,2,2,1,3
B2,SA,3,B2:29,16,0,0,0,0,0,0,0,0,0
B2,SA,1,B2:3,10,2,4,0,7,2,11,6,7,13
B2,SA,1,B2:3,11,2,0,5,2,7,2,2,7,9
B2,SA,1,B2:3,12,4,1,0,1,4,2,5,1,6
B2,SA,1,B2:3,13,0,0,0,0,0,0,0,0,0
B2,SA,1,B2:3,14,0,0,0,0,0,0,0,0,0
B2,SA,1,B2:3,15,0,0,0,0,0,0,0,0,0
B2,SA,1,B2:3,16,0,0,0,0,0,0,0,0,0
B2,SA,3,B2:30,10,1,0,12,5,13,5,1,17,18
B2,SA,3,B2:30,11,4,1,7,9,11,10,5,16,21
B2,SA,3,B2:30,12,5,3,8,3,13,6,8,11,19
B2,SA,3,B2:30,13,3,3,0,2,3,5,6,2,8
B2,SA,3,B2:30,14,2,1,0,0,2,1,3,0,3
B2,SA,3,B2:30,15,1,0,0,0,1,0,1,0,1
B2,SA,3,B2:30,16,0,0,0,0,0,0,0,0,0
B2,SA,3,B2:31,10,2,0,3,2,5,2,2,5,7
B2,SA,3,B2:31,11,2,0,4,6,6,6,2,10,12
B2,SA,3,B2:31,12,6,4,3,0,9,4,10,3,13
B2,SA,3,B2:31,13,2,1,0,0,2,1,3,0,3
B2,SA,3,B2:31,14,0,1,0,0,0,1,1,0,1
B2,SA,3,B2:31,15,0,0,0,0,0,0,0,0,0
B2,SA,3,B2:31,16,0,0,3,0,3,0,0,3,3
B2,SA,3,B2:32,10,2,0,3,2,5,2,2,5,7
B2,SA,3,B2:32,11,4,2,8,4,12,6,6,12,18
B2,SA,3,B2:32,12,3,4,3,6,6,10,7,9,16
B2,SA,3,B2:32,13,0,3,0,0,0,3,3,0,3
B2,SA,3,B2:32,14,1,0,0,0,1,0,1,0,1
B2,SA,3,B2:32,15,1,0,0,1,1,1,1,1,2
B2,SA,3,B2:32,16,1,0,0,0,1,0,1,0,1
B2,SA,3,B2:33,10,4,0,3,2,7,2,4,5,9
B2,SA,3,B2:33,11,5,6,5,8,10,14,11,13,24
B2,SA,3,B2:33,12,9,3,1,5,10,8,12,6,18
B2,SA,3,B2:33,13,4,2,0,1,4,3,6,1,7
B2,SA,3,B2:33,14,1,1,0,1,1,2,2,1,3
B2,SA,3,B2:33,15,0,0,0,0,0,0,0,0,0
B2,SA,3,B2:33,16,0,0,0,0,0,0,0,0,0
B2,SA,3,B2:34,10,1,0,4,0,5,0,1,4,5
B2,SA,3,B2:34,11,1,2,8,7,9,9,3,15,18
B2,SA,3,B2:34,12,5,2,9,7,14,9,7,16,23
B2,SA,3,B2:34,13,3,1,0,1,3,2,4,1,5
B2,SA,3,B2:34,14,1,1,0,1,1,2,2,1,3
B2,SA,3,B2:34,15,1,0,0,0,1,0,1,0,1
B2,SA,3,B2:34,16,1,0,0,0,1,0,1,0,1
B2,SA,4,B2:35,10,1,0,1,1,2,1,1,2,3
B2,SA,4,B2:35,11,8,9,4,9,12,18,17,13,30
B2,SA,4,B2:35,12,5,7,11,0,16,7,12,11,23
B2,SA,4,B2:35,13,3,1,2,1,5,2,4,3,7
B2,SA,4,B2:35,14,0,0,0,0,0,0,0,0,0
B2,SA,4,B2:35,15,0,0,0,0,0,0,0,0,0
B2,SA,4,B2:35,16,0,0,0,0,0,0,0,0,0
B2,SA,4,B2:36,10,7,7,5,8,12,15,14,13,27
B2,SA,4,B2:36,11,3,5,2,8,5,13,8,10,18
B2,SA,4,B2:36,12,8,3,1,6,9,9,11,7,18
B2,SA,4,B2:36,13,5,4,1,4,6,8,9,5,14
B2,SA,4,B2:36,14,1,3,0,0,1,3,4,0,4
B2,SA,4,B2:36,15,0,0,0,0,0,0,0,0,0
B2,SA,4,B2:36,16,0,0,0,1,0,1,0,1,1
B2,SA,4,B2:37,10,5,2,3,5,8,7,7,8,15
B2,SA,4,B2:37,11,5,2,6,5,11,7,7,11,18
B2,SA,4,B2:37,12,2,1,0,1,2,2,3,1,4
B2,SA,4,B2:37,13,0,2,0,0,0,2,2,0,2
B2,SA,4,B2:37,14,0,0,0,0,0,0,0,0,0
B2,SA,4,B2:37,15,0,0,0,0,0,0,0,0,0
B2,SA,4,B2:37,16,0,0,0,0,0,0,0,0,0
B2,SA,4,B2:38,10,0,0,0,0,0,0,0,0,0
B2,SA,4,B2:38,11,10,8,6,12,16,20,18,18,36
B2,SA,4,B2:38,12,5,3,11,6,16,9,8,17,25
B2,SA,4,B2:38,13,2,2,8,0,10,2,4,8,12
B2,SA,4,B2:38,14,1,1,0,0,1,1,2,0,2
B2,SA,4,B2:38,15,1,0,0,3,1,3,1,3,4
B2,SA,4,B2:38,16,0,0,0,1,0,1,0,1,1
B2,SA,4,B2:39,10,1,4,2,6,3,10,5,8,13
B2,SA,4,B2:39,11,5,3,9,4,14,7,8,13,21
B2,SA,4,B2:39,12,2,4,4,2,6,6,6,6,12
B2,SA,4,B2:39,13,0,2,0,1,0,3,2,1,3
B2,SA,4,B2:39,14,0,0,0,0,0,0,0,0,0
B2,SA,4,B2:39,15,0,0,0,0,0,0,0,0,0
B2,SA,4,B2:39,16,0,0,0,0,0,0,0,0,0
B2,SA,1,B2:4,10,3,6,10,3,13,9,9,13,22
B2,SA,1,B2:4,11,5,4,2,11,7,15,9,13,22
B2,SA,1,B2:4,12,1,4,1,9,2,13,5,10,15
B2,SA,1,B2:4,13,5,3,2,0,7,3,8,2,10
B2,SA,1,B2:4,14,0,1,0,0,0,1,1,0,1
B2,SA,1,B2:4,15,0,0,0,0,0,0,0,0,0
B2,SA,1,B2:4,16,0,0,0,0,0,0,0,0,0
B2,SA,4,B2:40,10,7,5,1,9,8,14,12,10,22
B2,SA,4,B2:40,11,8,3,9,3,17,6,11,12,23
B2,SA,4,B2:40,12,5,4,5,6,10,10,9,11,20
B2,SA,4,B2:40,13,0,0,1,1,1,1,0,2,2
B2,SA,4,B2:40,14,0,0,0,1,0,1,0,1,1
B2,SA,4,B2:40,15,1,0,0,0,1,0,1,0,1
B2,SA,4,B2:40,16,0,0,0,0,0,0,0,0,0
B2,SA,4,B2:41,10,0,0,1,2,1,2,0,3,3
B2,SA,4,B2:41,11,8,2,11,9,19,11,10,20,30
B2,SA,4,B2:41,12,1,7,4,3,5,10,8,7,15
B2,SA,4,B2:41,13,3,3,0,2,3,5,6,2,8
B2,SA,4,B2:41,14,0,2,0,1,0,3,2,1,3
B2,SA,4,B2:41,15,0,1,0,0,0,1,1,0,1
B2,SA,4,B2:41,16,0,1,0,0,0,1,1,0,1
B2,SA,4,B2:42,10,0,0,1,0,1,0,0,1,1
B2,SA,4,B2:42,11,5,7,5,6,10,13,12,11,23
B2,SA,4,B2:42,12,2,5,8,7,10,12,7,15,22
B2,SA,4,B2:42,13,3,0,1,0,4,0,3,1,4
B2,SA,4,B2:42,14,0,2,0,0,0,2,2,0,2
B2,SA,4,B2:42,15,0,0,0,0,0,0,0,0,0
B2,SA,4,B2:42,16,0,0,0,0,0,0,0,0,0
B2,SA,4,B2:43,10,5,1,2,3,7,4,6,5,11
B2,SA,4,B2:43,11,10,6,5,11,15,17,16,16,32
B2,SA,4,B2:43,12,7,3,3,2,10,5,10,5,15
B2,SA,4,B2:43,13,1,1,0,1,1,2,2,1,3
B2,SA,4,B2:43,14,0,0,0,0,0,0,0,0,0
B2,SA,4,B2:43,15,0,0,0,0,0,0,0,0,0
B2,SA,4,B2:43,16,0,0,0,0,0,0,0,0,0
B2,SA,4,B2:44,10,2,3,3,3,5,6,5,6,11
B2,SA,4,B2:44,11,4,7,5,6,9,13,11,11,22
B2,SA,4,B2:44,12,3,1,1,1,4,2,4,2,6
B2,SA,4,B2:44,13,0,0,0,0,0,0,0,0,0
B2,SA,4,B2:44,14,0,0,0,0,0,0,0,0,0
B2,SA,4,B2:44,15,0,0,0,0,0,0,0,0,0
B2,SA,4,B2:44,16,0,0,0,0,0,0,0,0,0
B2,SA,4,B2:45,10,0,0,1,0,1,0,0,1,1
B2,SA,4,B2:45,11,7,6,8,12,15,18,13,20,33
B2,SA,4,B2:45,12,0,2,2,0,2,2,2,2,4
B2,SA,4,B2:45,13,0,1,0,0,0,1,1,0,1
B2,SA,4,B2:45,14,0,0,0,0,0,0,0,0,0
B2,SA,4,B2:45,15,0,1,0,0,0,1,1,0,1
B2,SA,4,B2:45,16,0,0,0,0,0,0,0,0,0
B2,SA,4,B2:46,10,0,2,0,2,0,4,2,2,4
B2,SA,4,B2:46,11,7,7,2,13,9,20,14,15,29
B2,SA,4,B2:46,12,3,4,8,7,11,11,7,15,22
B2,SA,4,B2:46,13,4,3,0,4,4,7,7,4,11
B2,SA,4,B2:46,14,1,2,1,1,2,3,3,2,5
B2,SA,4,B2:46,15,0,2,0,1,0,3,2,1,3
B2,SA,4,B2:46,16,0,0,0,0,0,0,0,0,0
B2,SA,5,B2:47,10,0,0,0,0,0,0,0,0,0
B2,SA,5,B2:47,11,1,0,9,7,10,7,1,16,17
B2,SA,5,B2:47,12,3,5,4,6,7,11,8,10,18
B2,SA,5,B2:47,13,2,3,0,1,2,4,5,1,6
B2,SA,5,B2:47,14,1,0,1,0,2,0,1,1,2
B2,SA,5,B2:47,15,1,0,0,0,1,0,1,0,1
B2,SA,5,B2:47,16,0,0,0,0,0,0,0,0,0
B2,SA,5,B2:48,10,0,0,1,0,1,0,0,1,1
B2,SA,5,B2:48,11,1,2,2,9,3,11,3,11,14
B2,SA,5,B2:48,12,4,3,0,1,4,4,7,1,8
B2,SA,5,B2:48,13,1,0,0,0,1,0,1,0,1
B2,SA,5,B2:48,14,0,1,0,0,0,1,1,0,1
B2,SA,5,B2:48,15,0,0,0,0,0,0,0,0,0
B2,SA,5,B2:48,16,0,0,0,0,0,0,0,0,0
B2,SA,5,B2:49,10,0,1,6,2,6,3,1,8,9
B2,SA,5,B2:49,11,10,4,7,1,17,5,14,8,22
B2,SA,5,B2:49,12,2,4,2,2,4,6,6,4,10
B2,SA,5,B2:49,13,1,2,0,0,1,2,3,0,3
B2,SA,5,B2:49,14,0,0,0,0,0,0,0,0,0
B2,SA,5,B2:49,15,0,0,0,0,0,0,0,0,0
B2,SA,5,B2:49,16,0,0,0,0,0,0,0,0,0
B2,SA,1,B2:5,10,1,0,2,0,3,0,1,2,3
B2,SA,1,B2:5,11,4,3,6,11,10,14,7,17,24
B2,SA,1,B2:5,12,0,0,0,7,0,7,0,7,7
B2,SA,1,B2:5,13,1,0,1,0,2,0,1,1,2
B2,SA,1,B2:5,14,0,0,1,1,1,1,0,2,2
B2,SA,1,B2:5,15,0,0,0,0,0,0,0,0,0
B2,SA,1,B2:5,16,0,0,0,0,0,0,0,0,0
B2,SA,5,B2:50,10,1,0,2,0,3,0,1,2,3
B2,SA,5,B2:50,11,4,7,4,9,8,16,11,13,24
B2,SA,5,B2:50,12,4,3,0,1,4,4,7,1,8
B2,SA,5,B2:50,13,0,2,0,1,0,3,2,1,3
B2,SA,5,B2:50,14,0,0,0,0,0,0,0,0,0
B2,SA,5,B2:50,15,0,0,0,0,0,0,0,0,0
B2,SA,5,B2:50,16,0,0,0,0,0,0,0,0,0
B2,SA,5,B2:51,10,0,0,0,0,0,0,0,0,0
B2,SA,5,B2:51,11,3,1,4,4,7,5,4,8,12
B2,SA,5,B2:51,12,6,0,3,0,9,0,6,3,9
B2,SA,5,B2:51,13,2,1,0,0,2,1,3,0,3
B2,SA,5,B2:51,14,0,0,0,0,0,0,0,0,0
B2,SA,5,B2:51,15,0,1,0,0,0,1,1,0,1
B2,SA,5,B2:51,16,0,0,0,0,0,0,0,0,0
B2,SA,5,B2:52,10,0,0,0,0,0,0,0,0,0
B2,SA,5,B2:52,11,5,3,4,13,9,16,8,17,25
B2,SA,5,B2:52,12,8,5,0,4,8,9,13,4,17
B2,SA,5,B2:52,13,6,0,1,0,7,0,6,1,7
B2,SA,5,B2:52,14,0,0,0,0,0,0,0,0,0
B2,SA,5,B2:52,15,0,0,0,0,0,0,0,0,0
B2,SA,5,B2:52,16,0,0,0,0,0,0,0,0,0
B2,SA,5,B2:53,10,0,0,0,0,0,0,0,0,0
B2,SA,5,B2:53,11,2,0,14,24,16,24,2,38,40
B2,SA,5,B2:53,12,2,6,2,2,4,8,8,4,12
B2,SA,5,B2:53,13,2,1,0,0,2,1,3,0,3
B2,SA,5,B2:53,14,1,0,0,0,1,0,1,0,1
B2,SA,5,B2:53,15,0,0,0,0,0,0,0,0,0
B2,SA,5,B2:53,16,0,0,0,0,0,0,0,0,0
B2,SA,5,B2:54,10,0,0,0,0,0,0,0,0,0
B2,SA,5,B2:54,11,0,1,11,4,11,5,1,15,16
B2,SA,5,B2:54,12,4,5,5,3,9,8,9,8,17
B2,SA,5,B2:54,13,1,2,0,1,1,3,3,1,4
B2,SA,5,B2:54,14,0,0,0,0,0,0,0,0,0
B2,SA,5,B2:54,15,0,0,0,0,0,0,0,0,0
B2,SA,5,B2:54,16,0,0,0,0,0,0,0,0,0
B2,SA,5,B2:55,10,0,0,0,0,0,0,0,0,0
B2,SA,5,B2:55,11,8,1,9,4,17,5,9,13,22
B2,SA,5,B2:55,12,5,6,1,4,6,10,11,5,16
B2,SA,5,B2:55,13,0,0,0,0,0,0,0,0,0
B2,SA,5,B2:55,14,0,0,0,0,0,0,0,0,0
B2,SA,5,B2:55,15,0,0,0,0,0,0,0,0,0
B2,SA,5,B2:55,16,0,0,0,0,0,0,0,0,0
B2,SA,5,B2:56,10,0,0,1,1,1,1,0,2,2
B2,SA,5,B2:56,11,1,1,6,10,7,11,2,16,18
B2,SA,5,B2:56,12,3,3,4,3,7,6,6,7,13
B2,SA,5,B2:56,13,1,2,0,0,1,2,3,0,3
B2,SA,5,B2:56,14,0,0,0,0,0,0,0,0,0
B2,SA,5,B2:56,15,0,0,0,0,0,0,0,0,0
B2,SA,5,B2:56,16,0,0,0,0,0,0,0,0,0
B2,SA,5,B2:57,10,0,0,5,3,5,3,0,8,8
B2,SA,5,B2:57,11,3,2,11,9,14,11,5,20,25
B2,SA,5,B2:57,12,3,2,4,4,7,6,5,8,13
B2,SA,5,B2:57,13,0,4,0,0,0,4,4,0,4
B2,SA,5,B2:57,14,0,0,0,0,0,0,0,0,0
B2,SA,5,B2:57,15,0,0,0,0,0,0,0,0,0
B2,SA,5,B2:57,16,0,0,0,0,0,0,0,0,0
B2,SA,5,B2:58,10,0,0,0,0,0,0,0,0,0
B2,SA,5,B2:58,11,4,2,1,9,5,11,6,10,16
B2,SA,5,B2:58,12,1,6,0,1,1,7,7,1,8
B2,SA,5,B2:58,13,0,0,0,1,0,1,0,1,1
B2,SA,5,B2:58,14,0,1,0,0,0,1,1,0,1
B2,SA,5,B2:58,15,0,0,0,0,0,0,0,0,0
B2,SA,5,B2:58,16,0,0,0,0,0,0,0,0,0
B2,Control,6,B2:59,10,5,0,6,0,11,0,5,6,11
B2,Control,6,B2:59,11,5,7,5,8,10,15,12,13,25
B2,Control,6,B2:59,12,3,4,2,5,5,9,7,7,14
B2,Control,6,B2:59,13,0,1,1,1,1,2,1,2,3
B2,Control,6,B2:59,14,0,0,0,0,0,0,0,0,0
B2,Control,6,B2:59,15,0,0,0,0,0,0,0,0,0
B2,Control,6,B2:59,16,0,0,2,0,2,0,0,2,2
B2,SA,1,B2:6,10,3,2,5,6,8,8,5,11,16
B2,SA,1,B2:6,11,2,4,2,3,4,7,6,5,11
B2,SA,1,B2:6,12,2,1,1,1,3,2,3,2,5
B2,SA,1,B2:6,13,0,1,0,0,0,1,1,0,1
B2,SA,1,B2:6,14,0,0,0,0,0,0,0,0,0
B2,SA,1,B2:6,15,0,0,0,0,0,0,0,0,0
B2,SA,1,B2:6,16,0,0,0,0,0,0,0,0,0
B2,Control,6,B2:60,10,2,1,3,6,5,7,3,9,12
B2,Control,6,B2:60,11,2,1,2,8,4,9,3,10,13
B2,Control,6,B2:60,12,2,2,0,3,2,5,4,3,7
B2,Control,6,B2:60,13,0,0,1,0,1,0,0,1,1
B2,Control,6,B2:60,14,0,0,0,0,0,0,0,0,0
B2,Control,6,B2:60,15,0,0,0,0,0,0,0,0,0
B2,Control,6,B2:60,16,0,0,0,0,0,0,0,0,0
B2,Control,6,B2:61,10,3,2,3,2,6,4,5,5,10
B2,Control,6,B2:61,11,2,4,4,10,6,14,6,14,20
B2,Control,6,B2:61,12,4,8,7,4,11,12,12,11,23
B2,Control,6,B2:61,13,1,0,0,0,1,0,1,0,1
B2,Control,6,B2:61,14,0,0,0,1,0,1,0,1,1
B2,Control,6,B2:61,15,0,0,0,0,0,0,0,0,0
B2,Control,6,B2:61,16,0,0,0,0,0,0,0,0,0
B2,Control,6,B2:62,10,1,0,2,1,3,1,1,3,4
B2,Control,6,B2:62,11,5,7,10,9,15,16,12,19,31
B2,Control,6,B2:62,12,2,5,5,7,7,12,7,12,19
B2,Control,6,B2:62,13,1,2,1,0,2,2,3,1,4
B2,Control,6,B2:62,14,1,0,1,0,2,0,1,1,2
B2,Control,6,B2:62,15,0,0,0,0,0,0,0,0,0
B2,Control,6,B2:62,16,0,0,0,1,0,1,0,1,1
B2,Control,6,B2:63,10,5,2,2,2,7,4,7,4,11
B2,Control,6,B2:63,11,6,3,4,3,10,6,9,7,16
B2,Control,6,B2:63,12,5,4,14,8,19,12,9,22,31
B2,Control,6,B2:63,13,4,2,2,3,6,5,6,5,11
B2,Control,6,B2:63,14,1,1,2,3,3,4,2,5,7
B2,Control,6,B2:63,15,0,0,0,0,0,0,0,0,0
B2,Control,6,B2:63,16,0,1,0,0,0,1,1,0,1
B2,Control,6,B2:64,10,0,0,0,1,0,1,0,1,1
B2,Control,6,B2:64,11,2,2,6,5,8,7,4,11,15
B2,Control,6,B2:64,12,8,3,7,4,15,7,11,11,22
B2,Control,6,B2:64,13,0,0,1,0,1,0,0,1,1
B2,Control,6,B2:64,14,0,0,0,0,0,0,0,0,0
B2,Control,6,B2:64,15,0,0,0,0,0,0,0,0,0
B2,Control,6,B2:64,16,0,0,0,0,0,0,0,0,0
B2,Control,6,B2:65,10,2,0,1,0,3,0,2,1,3
B2,Control,6,B2:65,11,11,6,2,5,13,11,17,7,24
B2,Control,6,B2:65,12,6,8,9,3,15,11,14,12,26
B2,Control,6,B2:65,13,5,3,5,2,10,5,8,7,15
B2,Control,6,B2:65,14,0,1,0,2,0,3,1,2,3
B2,Control,6,B2:65,15,0,1,0,0,0,1,1,0,1
B2,Control,6,B2:65,16,0,1,0,0,0,1,1,0,1
B2,Control,6,B2:66,10,3,1,3,2,6,3,4,5,9
B2,Control,6,B2:66,11,10,10,5,3,15,13,20,8,28
B2,Control,6,B2:66,12,3,4,7,7,10,11,7,14,21
B2,Control,6,B2:66,13,0,1,1,0,1,1,1,1,2
B2,Control,6,B2:66,14,0,1,0,0,0,1,1,0,1
B2,Control,6,B2:66,15,0,0,0,1,0,1,0,1,1
B2,Control,6,B2:66,16,0,0,0,0,0,0,0,0,0
B2,Control,6,B2:67,10,4,1,6,3,10,4,5,9,14
B2,Control,6,B2:67,11,5,12,9,3,14,15,17,12,29
B2,Control,6,B2:67,12,2,3,8,8,10,11,5,16,21
B2,Control,6,B2:67,13,1,5,1,3,2,8,6,4,10
B2,Control,6,B2:67,14,0,0,0,1,0,1,0,1,1
B2,Control,6,B2:67,15,0,0,0,0,0,0,0,0,0
B2,Control,6,B2:67,16,0,0,1,0,1,0,0,1,1
B2,Control,6,B2:68,10,0,0,1,0,1,0,0,1,1
B2,Control,6,B2:68,11,2,5,4,9,6,14,7,13,20
B2,Control,6,B2:68,12,9,11,10,4,19,15,20,14,34
B2,Control,6,B2:68,13,2,4,1,2,3,6,6,3,9
B2,Control,6,B2:68,14,0,1,0,0,0,1,1,0,1
B2,Control,6,B2:68,15,1,3,0,0,1,3,4,0,4
B2,Control,6,B2:68,16,0,0,0,0,0,0,0,0,0
B2,Control,6,B2:69,10,1,2,1,0,2,2,3,1,4
B2,Control,6,B2:69,11,8,2,4,7,12,9,10,11,21
B2,Control,6,B2:69,12,5,8,9,8,14,16,13,17,30
B2,Control,6,B2:69,13,0,1,1,3,1,4,1,4,5
B2,Control,6,B2:69,14,0,0,1,1,1,1,0,2,2
B2,Control,6,B2:69,15,0,0,0,0,0,0,0,0,0
B2,Control,6,B2:69,16,0,0,0,0,0,0,0,0,0
B2,SA,1,B2:7,10,0,0,4,1,4,1,0,5,5
B2,SA,1,B2:7,11,8,6,8,6,16,12,14,14,28
B2,SA,1,B2:7,12,3,3,3,7,6,10,6,10,16
B2,SA,1,B2:7,13,1,6,2,3,3,9,7,5,12
B2,SA,1,B2:7,14,1,1,0,0,1,1,2,0,2
B2,SA,1,B2:7,15,0,1,0,0,0,1,1,0,1
B2,SA,1,B2:7,16,0,1,0,0,0,1,1,0,1
B2,Control,6,B2:70,10,3,1,4,2,7,3,4,6,10
B2,Control,6,B2:70,11,7,3,8,2,15,5,10,10,20
B2,Control,6,B2:70,12,6,6,3,5,9,11,12,8,20
B2,Control,6,B2:70,13,1,1,2,1,3,2,2,3,5
B2,Control,6,B2:70,14,0,0,0,0,0,0,0,0,0
B2,Control,6,B2:70,15,1,1,0,0,1,1,2,0,2
B2,Control,6,B2:70,16,0,0,0,0,0,0,0,0,0
B2,Control,7,B2:71,10,0,0,3,0,3,0,0,3,3
B2,Control,7,B2:71,11,3,5,6,6,9,11,8,12,20
B2,Control,7,B2:71,12,10,9,6,6,16,15,19,12,31
B2,Control,7,B2:71,13,3,2,2,1,5,3,5,3,8
B2,Control,7,B2:71,14,3,0,0,1,3,1,3,1,4
B2,Control,7,B2:71,15,0,0,0,0,0,0,0,0,0
B2,Control,7,B2:71,16,1,0,0,0,1,0,1,0,1
B2,Control,7,B2:72,10,3,1,2,1,5,2,4,3,7
B2,Control,7,B2:72,11,2,1,6,3,8,4,3,9,12
B2,Control,7,B2:72,12,6,4,7,5,13,9,10,12,22
B2,Control,7,B2:72,13,5,1,2,3,7,4,6,5,11
B2,Control,7,B2:72,14,1,1,0,5,1,6,2,5,7
B2,Control,7,B2:72,15,1,0,2,0,3,0,1,2,3
B2,Control,7,B2:72,16,0,1,0,1,0,2,1,1,2
B2,Control,7,B2:73,10,0,0,0,0,0,0,0,0,0
B2,Control,7,B2:73,11,5,5,6,4,11,9,10,10,20
B2,Control,7,B2:73,12,2,3,3,3,5,6,5,6,11
B2,Control,7,B2:73,13,2,2,1,1,3,3,4,2,6
B2,Control,7,B2:73,14,1,1,0,0,1,1,2,0,2
B2,Control,7,B2:73,15,0,0,0,0,0,0,0,0,0
B2,Control,7,B2:73,16,0,0,0,0,0,0,0,0,0
B2,Control,7,B2:74,10,4,12,11,3,15,15,16,14,30
B2,Control,7,B2:74,11,3,9,8,11,11,20,12,19,31
B2,Control,7,B2:74,12,10,4,5,3,15,7,14,8,22
B2,Control,7,B2:74,13,4,3,5,2,9,5,7,7,14
B2,Control,7,B2:74,14,1,0,2,2,3,2,1,4,5
B2,Control,7,B2:74,15,0,0,0,1,0,1,0,1,1
B2,Control,7,B2:74,16,0,0,0,1,0,1,0,1,1
B2,Control,7,B2:75,10,2,4,0,1,2,5,6,1,7
B2,Control,7,B2:75,11,6,6,7,3,13,9,12,10,22
B2,Control,7,B2:75,12,3,2,6,4,9,6,5,10,15
B2,Control,7,B2:75,13,2,4,2,2,4,6,6,4,10
B2,Control,7,B2:75,14,0,0,0,0,0,0,0,0,0
B2,Control,7,B2:75,15,0,0,0,0,0,0,0,0,0
B2,Control,7,B2:75,16,0,0,1,0,1,0,0,1,1
B2,Control,7,B2:76,10,6,2,0,4,6,6,8,4,12
B2,Control,7,B2:76,11,6,6,5,2,11,8,12,7,19
B2,Control,7,B2:76,12,2,0,0,2,2,2,2,2,4
B2,Control,7,B2:76,13,0,0,0,0,0,0,0,0,0
B2,Control,7,B2:76,14,1,0,0,0,1,0,1,0,1
B2,Control,7,B2:76,15,0,0,0,0,0,0,0,0,0
B2,Control,7,B2:76,16,0,0,0,0,0,0,0,0,0
B2,Control,7,B2:77,10,5,8,7,12,12,20,13,19,32
B2,Control,7,B2:77,11,5,6,10,3,15,9,11,13,24
B2,Control,7,B2:77,12,6,9,6,7,12,16,15,13,28
B2,Control,7,B2:77,13,11,3,0,2,11,5,14,2,16
B2,Control,7,B2:77,14,2,0,4,4,6,4,2,8,10
B2,Control,7,B2:77,15,2,2,3,2,5,4,4,5,9
B2,Control,7,B2:77,16,0,0,0,0,0,0,0,0,0
B2,Control,7,B2:78,10,2,4,4,3,6,7,6,7,13
B2,Control,7,B2:78,11,5,1,0,3,5,4,6,3,9
B2,Control,7,B2:78,12,4,5,2,2,6,7,9,4,13
B2,Control,7,B2:78,13,0,0,0,0,0,0,0,0,0
B2,Control,7,B2:78,14,0,0,0,0,0,0,0,0,0
B2,Control,7,B2:78,15,0,0,0,0,0,0,0,0,0
B2,Control,7,B2:78,16,0,0,0,0,0,0,0,0,0
B2,Control,7,B2:79,10,7,3,4,5,11,8,10,9,19
B2,Control,7,B2:79,11,4,4,7,5,11,9,8,12,20
B2,Control,7,B2:79,12,1,5,1,2,2,7,6,3,9
B2,Control,7,B2:79,13,2,2,0,0,2,2,4,0,4
B2,Control,7,B2:79,14,0,0,1,0,1,0,0,1,1
B2,Control,7,B2:79,15,0,0,0,0,0,0,0,0,0
B2,Control,7,B2:79,16,0,0,0,0,0,0,0,0,0
B2,SA,1,B2:8,10,0,0,3,1,3,1,0,4,4
B2,SA,1,B2:8,11,7,1,7,12,14,13,8,19,27
B2,SA,1,B2:8,12,2,4,3,7,5,11,6,10,16
B2,SA,1,B2:8,13,1,3,0,0,1,3,4,0,4
B2,SA,1,B2:8,14,1,1,0,0,1,1,2,0,2
B2,SA,1,B2:8,15,0,0,0,0,0,0,0,0,0
B2,SA,1,B2:8,16,0,2,0,0,0,2,2,0,2
B2,Control,7,B2:80,10,1,1,0,2,1,3,2,2,4
B2,Control,7,B2:80,11,2,2,5,4,7,6,4,9,13
B2,Control,7,B2:80,12,2,7,4,3,6,10,9,7,16
B2,Control,7,B2:80,13,3,2,8,5,11,7,5,13,18
B2,Control,7,B2:80,14,1,3,2,2,3,5,4,4,8
B2,Control,7,B2:80,15,1,1,1,2,2,3,2,3,5
B2,Control,7,B2:80,16,2,2,3,0,5,2,4,3,7
B2,Control,8,B2:81,10,0,0,0,0,0,0,0,0,0
B2,Control,8,B2:81,11,5,3,3,0,8,3,8,3,11
B2,Control,8,B2:81,12,2,6,2,3,4,9,8,5,13
B2,Control,8,B2:81,13,1,2,2,4,3,6,3,6,9
B2,Control,8,B2:81,14,0,0,0,0,0,0,0,0,0
B2,Control,8,B2:81,15,0,0,0,0,0,0,0,0,0
B2,Control,8,B2:81,16,0,0,0,0,0,0,0,0,0
B2,Control,8,B2:82,10,4,1,2,2,6,3,5,4,9
B2,Control,8,B2:82,11,7,5,3,4,10,9,12,7,19
B2,Control,8,B2:82,12,2,2,4,6,6,8,4,10,14
B2,Control,8,B2:82,13,0,2,2,0,2,2,2,2,4
B2,Control,8,B2:82,14,0,0,0,1,0,1,0,1,1
B2,Control,8,B2:82,15,0,0,0,0,0,0,0,0,0
B2,Control,8,B2:82,16,0,0,0,1,0,1,0,1,1
B2,Control,8,B2:83,10,3,4,8,0,11,4,7,8,15
B2,Control,8,B2:83,11,3,7,6,8,9,15,10,14,24
B2,Control,8,B2:83,12,5,3,6,1,11,4,8,7,15
B2,Control,8,B2:83,13,0,2,2,2,2,4,2,4,6
B2,Control,8,B2:83,14,0,0,1,1,1,1,0,2,2
B2,Control,8,B2:83,15,0,0,0,0,0,0,0,0,0
B2,Control,8,B2:83,16,0,0,0,0,0,0,0,0,0
B2,Control,8,B2:84,10,4,4,4,0,8,4,8,4,12
B2,Control,8,B2:84,11,3,5,6,6,9,11,8,12,20
B2,Control,8,B2:84,12,2,1,3,0,5,1,3,3,6
B2,Control,8,B2:84,13,0,3,1,0,1,3,3,1,4
B2,Control,8,B2:84,14,0,0,0,0,0,0,0,0,0
B2,Control,8,B2:84,15,0,0,0,0,0,0,0,0,0
B2,Control,8,B2:84,16,0,0,0,0,0,0,0,0,0
B2,Control,8,B2:85,10,7,9,6,7,13,16,16,13,29
B2,Control,8,B2:85,11,0,2,3,4,3,6,2,7,9
B2,Control,8,B2:85,12,2,2,5,3,7,5,4,8,12
B2,Control,8,B2:85,13,5,2,1,5,6,7,7,6,13
B2,Control,8,B2:85,14,0,0,0,1,0,1,0,1,1
B2,Control,8,B2:85,15,0,0,1,0,1,0,0,1,1
B2,Control,8,B2:85,16,0,0,0,0,0,0,0,0,0
B2,Control,8,B2:86,10,4,5,6,8,10,13,9,14,23
B2,Control,8,B2:86,11,5,9,4,4,9,13,14,8,22
B2,Control,8,B2:86,12,3,8,3,6,6,14,11,9,20
B2,Control,8,B2:86,13,1,1,3,1,4,2,2,4,6
B2,Control,8,B2:86,14,0,2,1,1,1,3,2,2,4
B2,Control,8,B2:86,15,1,0,0,0,1,0,1,0,1
B2,Control,8,B2:86,16,0,0,0,0,0,0,0,0,0
B2,Control,8,B2:87,10,7,5,5,2,12,7,12,7,19
B2,Control,8,B2:87,11,7,9,2,5,9,14,16,7,23
B2,Control,8,B2:87,12,3,4,10,2,13,6,7,12,19
B2,Control,8,B2:87,13,5,0,4,2,9,2,5,6,11
B2,Control,8,B2:87,14,0,1,0,3,0,4,1,3,4
B2,Control,8,B2:87,15,0,0,0,0,0,0,0,0,0
B2,Control,8,B2:87,16,0,1,0,0,0,1,1,0,1
B2,Control,8,B2:88,10,2,0,1,0,3,0,2,1,3
B2,Control,8,B2:88,11,5,4,2,3,7,7,9,5,14
B2,Control,8,B2:88,12,1,0,0,0,1,0,1,0,1
B2,Control,8,B2:88,13,0,1,0,0,0,1,1,0,1
B2,Control,8,B2:88,14,0,0,1,0,1,0,0,1,1
B2,Control,8,B2:88,15,0,0,0,0,0,0,0,0,0
B2,Control,8,B2:88,16,0,0,1,0,1,0,0,1,1
B2,Control,8,B2:89,10,1,1,2,1,3,2,2,3,5
B2,Control,8,B2:89,11,1,4,3,6,4,10,5,9,14
B2,Control,8,B2:89,12,2,1,2,0,4,1,3,2,5
B2,Control,8,B2:89,13,0,0,0,1,0,1,0,1,1
B2,Control,8,B2:89,14,0,0,0,0,0,0,0,0,0
B2,Control,8,B2:89,15,0,0,0,0,0,0,0,0,0
B2,Control,8,B2:89,16,0,1,0,0,0,1,1,0,1
B2,SA,1,B2:9,10,2,0,4,2,6,2,2,6,8
B2,SA,1,B2:9,11,7,1,1,5,8,6,8,6,14
B2,SA,1,B2:9,12,1,1,6,7,7,8,2,13,15
B2,SA,1,B2:9,13,3,3,0,0,3,3,6,0,6
B2,SA,1,B2:9,14,0,0,1,1,1,1,0,2,2
B2,SA,1,B2:9,15,0,0,0,0,0,0,0,0,0
B2,SA,1,B2:9,16,1,0,0,0,1,0,1,0,1
B2,Control,8,B2:90,10,0,0,1,0,1,0,0,1,1
B2,Control,8,B2:90,11,4,5,5,5,9,10,9,10,19
B2,Control,8,B2:90,12,2,2,1,0,3,2,4,1,5
B2,Control,8,B2:90,13,0,0,0,1,0,1,0,1,1
B2,Control,8,B2:90,14,1,0,0,1,1,1,1,1,2
B2,Control,8,B2:90,15,0,0,0,2,0,2,0,2,2
B2,Control,8,B2:90,16,0,0,0,0,0,0,0,0,0
B2,Control,8,B2:91,10,2,1,4,0,6,1,3,4,7
B2,Control,8,B2:91,11,2,1,7,1,9,2,3,8,11
B2,Control,8,B2:91,12,1,2,2,2,3,4,3,4,7
B2,Control,8,B2:91,13,0,1,1,2,1,3,1,3,4
B2,Control,8,B2:91,14,1,0,0,0,1,0,1,0,1
B2,Control,8,B2:91,15,0,0,0,1,0,1,0,1,1
B2,Control,8,B2:91,16,0,0,0,0,0,0,0,0,0
B2,Control,8,B2:92,10,2,0,0,2,2,2,2,2,4
B2,Control,8,B2:92,11,3,2,3,2,6,4,5,5,10
B2,Control,8,B2:92,12,5,2,2,6,7,8,7,8,15
B2,Control,8,B2:92,13,1,0,0,1,1,1,1,1,2
B2,Control,8,B2:92,14,0,0,0,0,0,0,0,0,0
B2,Control,8,B2:92,15,0,0,0,0,0,0,0,0,0
B2,Control,8,B2:92,16,0,0,0,0,0,0,0,0,0
B2,Control,9,B2:93,10,0,1,0,0,0,1,1,0,1
B2,Control,9,B2:93,11,6,7,8,8,14,15,13,16,29
B2,Control,9,B2:93,12,5,9,3,4,8,13,14,7,21
B2,Control,9,B2:93,13,1,1,0,1,1,2,2,1,3
B2,Control,9,B2:93,14,1,0,0,0,1,0,1,0,1
B2,Control,9,B2:93,15,0,0,0,1,0,1,0,1,1
B2,Control,9,B2:93,16,1,0,0,0,1,0,1,0,1
B2,Control,9,B2:94,10,4,13,4,7,8,20,17,11,28
B2,Control,9,B2:94,11,3,3,3,3,6,6,6,6,12
B2,Control,9,B2:94,12,4,4,3,2,7,6,8,5,13
B2,Control,9,B2:94,13,0,1,0,0,0,1,1,0,1
B2,Control,9,B2:94,14,0,0,0,0,0,0,0,0,0
B2,Control,9,B2:94,15,0,0,0,0,0,0,0,0,0
B2,Control,9,B2:94,16,1,0,0,0,1,0,1,0,1
B2,Control,9,B2:95,10,5,1,5,3,10,4,6,8,14
B2,Control,9,B2:95,11,4,7,7,4,11,11,11,11,22
B2,Control,9,B2:95,12,3,4,1,10,4,14,7,11,18
B2,Control,9,B2:95,13,0,1,2,1,2,2,1,3,4
B2,Control,9,B2:95,14,0,0,0,0,0,0,0,0,0
B2,Control,9,B2:95,15,0,0,0,0,0,0,0,0,0
B2,Control,9,B2:95,16,0,0,0,0,0,0,0,0,0
B2,Control,9,B2:96,10,1,0,2,0,3,0,1,2,3
B2,Control,9,B2:96,11,5,4,8,4,13,8,9,12,21
B2,Control,9,B2:96,12,6,6,4,3,10,9,12,7,19
B2,Control,9,B2:96,13,6,7,7,6,13,13,13,13,26
B2,Control,9,B2:96,14,0,1,1,1,1,2,1,2,3
B2,Control,9,B2:96,15,0,0,0,0,0,0,0,0,0
B2,Control,9,B2:96,16,0,0,0,0,0,0,0,0,0
B2,Control,9,B2:97,10,2,1,3,1,5,2,3,4,7
B2,Control,9,B2:97,11,5,3,4,5,9,8,8,9,17
B2,Control,9,B2:97,12,3,4,1,5,4,9,7,6,13
B2,Control,9,B2:97,13,0,0,0,2,0,2,0,2,2
B2,Control,9,B2:97,14,0,0,0,0,0,0,0,0,0
B2,Control,9,B2:97,15,0,0,0,1,0,1,0,1,1
B2,Control,9,B2:97,16,0,0,0,0,0,0,0,0,0
B2,Control,9,B2:98,10,1,1,4,0,5,1,2,4,6
B2,Control,9,B2:98,11,5,4,3,2,8,6,9,5,14
B2,Control,9,B2:98,12,1,1,0,3,1,4,2,3,5
B2,Control,9,B2:98,13,0,0,0,0,0,0,0,0,0
B2,Control,9,B2:98,14,0,0,0,0,0,0,0,0,0
B2,Control,9,B2:98,15,0,0,0,0,0,0,0,0,0
B2,Control,9,B2:98,16,0,0,0,0,0,0,0,0,0
B2,Control,9,B2:99,10,1,0,0,0,1,0,1,0,1
B2,Control,9,B2:99,11,6,4,6,4,12,8,10,10,20
B2,Control,9,B2:99,12,6,6,4,2,10,8,12,6,18
B2,Control,9,B2:99,13,2,0,0,5,2,5,2,5,7
B2,Control,9,B2:99,14,2,1,1,0,3,1,3,1,4
B2,Control,9,B2:99,15,0,0,0,0,0,0,0,0,0
B2,Control,9,B2:99,16,0,0,0,0,0,0,0,0,0
